4 07
4 09
4 09
4 09
4 0A
4 0A
4 0A
4 12
6 01
8 01
8 14
10 04
10 04
11 04
11 04
11 04
11 04
11 04
11 04
11 04
11 04
11 04
11 04
12 04
12 04
12 04
12 04
12 04
12 04
12 04
12 04
12 04
12 04
13 04
13 04
13 04
13 04
13 04
13 04
13 04
13 04
13 04
13 04
14 12
15 06
15 06
15 06
15 06
15 06
15 06
15 06
15 06
15 06
15 06
15 06
15 06
15 06
15 06
15 06
15 06
15 06
15 06
15 06
15 06
15 06
15 06
16 06
16 06
16 06
16 06
16 06
16 06
16 06
16 06
16 06
16 06
16 06
16 06
16 06
16 06
16 06
16 06
16 06
16 06
16 06
16 06
16 06
16 06
16 06
17 06
17 06
17 06
17 06
17 06
17 06
17 06
17 06
17 06
17 06
17 06
17 06
17 06
17 06
17 06
17 06
17 06
17 06
17 06
17 06
17 06
17 06
17 06
18 06
18 06
18 06
18 06
18 06
18 06
18 06
18 06
18 06
18 06
18 06
18 06
18 06
18 06
18 06
18 06
18 06
18 06
18 06
18 06
18 06
18 06
18 06
19 06
19 06
19 06
19 06
19 06
19 06
19 06
19 06
19 06
19 06
19 06
19 06
19 06
19 06
19 06
19 06
19 06
19 06
19 06
19 06
19 06
19 06
19 06
20 06
20 06
20 06
20 06
20 06
20 06
20 06
20 06
20 06
20 06
20 06
20 06
20 06
20 06
20 06
20 06
20 06
20 06
20 06
20 06
20 06
20 06
20 06
21 06
21 06
21 06
21 06
21 06
21 06
21 06
21 06
21 06
21 06
21 06
21 06
21 06
21 06
21 06
21 06
21 06
21 06
21 06
21 06
21 06
21 06
21 06
22 06
22 06
22 06
22 06
22 06
22 06
22 06
22 06
22 06
22 06
22 06
22 06
22 06
22 06
22 06
22 06
22 06
22 06
22 06
22 06
22 06
22 06
22 06
23 06
23 06
23 06
23 06
23 06
23 06
23 06
23 06
23 06
23 06
23 06
23 06
23 06
23 06
23 06
23 06
23 06
23 06
23 06
23 06
23 06
23 06
23 06
24 06
24 06
24 06
24 06
24 06
24 06
24 06
24 06
24 06
24 06
24 06
24 06
24 06
24 06
24 06
24 06
24 06
24 06
24 06
24 06
24 06
24 06
24 06
25 06
25 06
25 06
25 06
25 06
25 06
25 06
25 06
25 06
25 06
25 06
25 06
25 06
25 06
25 06
25 06
25 06
25 06
25 06
25 06
25 06
25 06
25 06
26 06
26 06
26 06
26 06
26 06
26 06
26 06
26 06
26 06
26 06
26 06
26 06
26 06
26 06
26 06
26 06
26 06
26 06
26 06
26 06
26 06
26 06
26 06
27 06
27 06
27 06
27 06
27 06
27 06
27 06
27 06
27 06
27 06
27 06
27 06
27 06
27 06
27 06
27 06
27 06
27 06
27 06
27 06
27 06
27 06
27 06
28 06
28 06
28 06
28 06
28 06
28 06
28 06
28 06
28 06
28 06
28 06
28 06
28 06
28 06
28 06
28 06
28 06
28 06
28 06
28 06
28 06
28 06
28 06
29 06
29 06
29 06
29 06
29 06
29 06
29 06
29 06
29 06
29 06
29 06
29 06
29 06
29 06
29 06
29 06
29 06
29 06
29 06
29 06
29 06
29 06
29 06
30 06
30 06
30 06
30 06
30 06
30 06
30 06
30 06
30 06
30 06
30 06
30 06
30 06
30 06
30 06
30 06
30 06
30 06
30 06
30 06
30 06
30 06
30 06
30 06
31 06
31 06
31 06
31 06
31 06
31 06
31 06
31 06
31 06
31 06
31 06
31 06
31 06
31 06
31 06
31 06
31 06
31 06
31 06
31 06
31 06
31 06
31 06
32 06
32 06
32 06
32 06
32 06
32 06
32 06
32 06
32 06
32 06
32 06
32 06
32 06
32 06
32 06
32 06
32 06
32 06
32 06
32 06
32 06
32 06
32 06
33 06
33 06
33 06
33 06
33 06
33 06
33 06
33 06
33 06
33 06
33 06
33 06
33 06
33 06
33 06
33 06
33 06
33 06
33 06
33 06
33 06
33 06
33 06
34 06
34 06
34 06
34 06
34 06
34 06
34 06
34 06
34 06
34 06
34 06
34 06
34 06
34 06
34 06
34 06
34 06
34 06
34 06
34 06
34 06
34 06
34 06
35 06
35 06
35 06
35 06
35 06
35 06
35 06
35 06
35 06
35 06
35 06
35 06
35 06
35 06
35 06
35 06
35 06
35 06
35 06
35 06
35 06
35 06
35 06
36 06
36 06
36 06
36 06
36 06
36 06
36 06
36 06
36 06
36 06
36 06
36 06
36 06
36 06
36 06
36 06
36 06
36 06
36 06
36 06
36 06
36 06
36 06
37 06
37 06
37 06
37 06
37 06
37 06
37 06
37 06
37 06
37 06
37 06
37 06
37 06
37 06
37 06
37 06
37 06
37 06
37 06
37 06
37 06
37 06
38 06
38 06
38 06
38 06
38 06
38 06
38 06
38 06
38 06
38 06
38 06
38 06
38 06
38 06
38 06
38 06
38 06
38 06
38 06
38 06
38 06
38 06
38 06
39 06
39 06
39 06
39 06
39 06
39 06
39 06
39 06
39 06
39 06
39 06
39 06
39 06
39 06
39 06
39 06
39 06
39 06
39 06
39 06
39 06
39 06
39 06
40 06
40 06
40 06
40 06
40 06
40 06
40 06
40 06
40 06
40 06
40 06
40 06
40 06
40 06
40 06
40 06
40 06
40 06
40 06
40 06
40 06
40 06
40 06
41 06
41 06
41 06
41 06
41 06
41 06
41 06
41 06
41 06
41 06
41 06
41 06
41 06
41 06
41 06
41 06
41 06
41 06
41 06
41 06
41 06
41 06
41 06
42 06
42 06
42 06
42 06
42 06
42 06
42 06
42 06
42 06
42 06
42 06
42 06
42 06
42 06
42 06
42 06
42 06
42 06
42 06
42 06
42 06
42 06
42 06
43 06
43 06
43 06
43 06
43 06
43 06
43 06
43 06
43 06
43 06
43 06
43 06
43 06
43 06
43 06
43 06
43 06
43 06
43 06
43 06
43 06
43 06
43 06
44 06
44 06
44 06
44 06
44 06
44 06
44 06
44 06
44 06
44 06
44 06
44 06
44 06
44 06
44 06
44 06
44 06
44 06
44 06
44 06
44 06
44 06
44 06
45 06
45 06
45 06
45 06
45 06
45 06
45 06
45 06
45 06
45 06
45 06
45 06
45 06
45 06
45 06
45 06
45 06
45 06
45 06
45 06
45 06
45 06
45 06
45 06
46 06
46 06
46 06
46 06
46 06
46 06
46 06
46 06
46 06
46 06
46 06
46 06
46 06
46 06
46 06
46 06
46 06
46 06
46 06
46 06
46 06
46 06
46 06
47 06
47 06
47 06
47 06
47 06
47 06
47 06
47 06
47 06
47 06
47 06
47 06
47 06
47 06
47 06
47 06
47 06
47 06
47 06
47 06
47 06
47 06
47 06
48 06
48 06
48 06
48 06
48 06
48 06
48 06
48 06
48 06
48 06
48 06
48 06
48 06
48 06
48 06
48 06
48 06
48 06
48 06
48 06
48 06
48 06
48 06
49 06
49 06
49 06
49 06
49 06
49 06
49 06
49 06
49 06
49 06
49 06
49 06
49 06
49 06
49 06
49 06
49 06
49 06
49 06
49 06
49 06
49 06
49 06
50 06
50 06
50 06
50 06
50 06
50 06
50 06
50 06
50 06
50 06
50 06
50 06
50 06
50 06
50 06
50 06
50 06
50 06
50 06
50 06
50 06
50 06
50 06
51 06
51 06
51 06
51 06
51 06
51 06
51 06
51 06
51 06
51 06
51 06
51 06
51 06
51 06
51 06
51 06
51 06
51 06
51 06
51 06
51 06
51 06
51 06
52 06
52 06
52 06
52 06
52 06
52 06
52 06
52 06
52 06
52 06
52 06
52 06
52 06
52 06
52 06
52 06
52 06
52 06
52 06
52 06
52 06
52 06
52 06
53 06
53 06
53 06
53 06
53 06
53 06
53 06
53 06
53 06
53 06
53 06
53 06
53 06
53 06
53 06
53 06
53 06
53 06
53 06
53 06
53 06
53 06
53 06
54 06
54 06
54 06
54 06
54 06
54 06
54 06
54 06
54 06
54 06
54 06
54 06
54 06
54 06
54 06
54 06
54 06
54 06
54 06
54 06
54 06
54 06
54 06
55 06
55 06
55 06
55 06
55 06
55 06
55 06
55 06
55 06
55 06
55 06
55 06
55 06
55 06
55 06
55 06
55 06
55 06
55 06
55 06
55 06
55 06
55 06
56 06
56 06
56 06
56 06
56 06
56 06
56 06
56 06
56 06
56 06
56 06
56 06
56 06
56 06
56 06
56 06
56 06
56 06
56 06
56 06
56 06
56 06
56 06
57 06
57 06
57 06
57 06
57 06
57 06
57 06
57 06
57 06
57 06
57 06
57 06
57 06
57 06
57 06
57 06
57 06
57 06
57 06
57 06
57 06
57 06
57 06
58 06
58 06
58 06
58 06
58 06
58 06
58 06
58 06
58 06
58 06
58 06
58 06
58 06
58 06
58 06
58 06
58 06
58 06
58 06
58 06
58 06
58 06
58 06
59 06
59 06
59 06
59 06
59 06
59 06
59 06
59 06
59 06
59 06
59 06
59 06
59 06
59 06
59 06
59 06
59 06
59 06
59 06
59 06
59 06
59 06
59 06
60 06
60 06
60 06
60 06
60 06
60 06
60 06
60 06
60 06
60 06
60 06
60 06
60 06
60 06
60 06
60 06
60 06
60 06
60 06
60 06
60 06
60 06
60 06
61 06
61 06
61 06
61 06
61 06
61 06
61 06
61 06
61 06
61 06
61 06
61 06
61 06
61 06
61 06
61 06
61 06
61 06
61 06
61 06
61 06
61 06
61 06
62 06
62 06
62 06
62 06
62 06
62 06
62 06
62 06
62 06
62 06
62 06
62 06
62 06
62 06
62 06
62 06
62 06
62 06
62 06
62 06
62 06
62 06
62 06
63 06
63 06
63 06
63 06
63 06
63 06
63 06
63 06
63 06
63 06
63 06
63 06
63 06
63 06
63 06
63 06
63 06
63 06
63 06
63 06
63 06
63 06
63 06
64 06
64 06
64 06
64 06
64 06
64 06
64 06
64 06
64 06
64 06
64 06
64 06
64 06
64 06
64 06
64 06
64 06
64 06
64 06
64 06
64 06
64 06
64 06
65 06
65 06
65 06
65 06
65 06
65 06
65 06
65 06
65 06
65 06
65 06
65 06
65 06
65 06
65 06
65 06
65 06
65 06
65 06
65 06
65 06
65 06
65 06
66 06
66 06
66 06
66 06
66 06
66 06
66 06
66 06
66 06
66 06
66 06
66 06
66 06
66 06
66 06
66 06
66 06
66 06
66 06
66 06
66 06
66 06
66 06
66 06
67 12
68 01
69 01
73 05
73 08
74 14
75 0D
77 0D
79 14
79 04
79 04
79 04
79 04
79 04
79 04
79 04
79 04
79 12
82 14
84 14
85 03
85 0D
97 14
98 06
98 06
98 06
98 06
98 06
98 06
98 06
99 06
99 06
99 06
99 06
99 06
99 06
99 06
100 06
100 06
100 06
100 06
100 06
100 06
100 06
101 06
101 06
101 06
101 06
101 06
101 06
101 06
102 06
102 06
102 06
102 06
102 06
102 06
102 06
103 06
103 06
103 06
103 06
103 06
103 06
103 06
104 06
104 06
104 06
104 06
104 06
104 06
104 06
105 06
105 06
105 06
105 06
105 06
105 06
105 06
106 06
106 06
106 06
106 06
106 06
106 06
106 06
107 06
107 06
107 06
107 06
107 06
107 06
107 06
108 06
108 06
108 06
108 06
108 06
108 06
108 06
109 06
109 06
109 06
109 06
109 06
109 06
109 06
110 06
110 06
110 06
110 06
110 06
110 06
110 06
110 06
111 06
111 06
111 06
111 06
111 06
111 06
111 06
112 03
112 06
112 06
112 06
112 06
112 06
112 06
113 06
113 06
113 06
113 06
113 06
113 06
113 06
114 06
114 06
114 06
114 06
114 06
114 06
114 06
115 06
115 06
115 06
115 06
115 06
115 06
115 06
115 06
116 06
116 06
116 06
116 06
116 06
116 06
116 06
117 06
117 06
117 06
117 06
117 06
117 06
118 06
118 06
118 06
118 06
118 06
118 06
118 06
119 06
119 06
119 06
119 06
119 06
119 06
119 06
120 06
120 06
120 06
120 06
120 06
120 06
120 06
120 06
121 06
121 06
121 06
121 06
121 06
121 06
121 06
122 06
122 06
122 06
122 06
122 06
122 06
122 06
123 06
123 06
123 06
123 06
123 06
123 06
123 06
124 06
124 06
124 06
124 06
124 06
124 06
124 06
125 06
125 06
125 06
125 06
125 06
125 06
125 06
126 06
126 06
126 03
126 06
126 06
126 06
126 06
126 06
127 06
127 06
127 06
127 06
127 06
127 06
127 06
128 06
128 06
128 06
128 06
128 06
128 06
128 06
129 06
129 06
129 06
129 06
129 06
129 06
129 06
130 06
130 06
130 06
130 06
130 06
130 06
130 06
131 06
131 06
131 06
131 06
131 06
131 06
131 06
132 06
132 06
132 06
132 06
132 06
132 06
132 06
133 06
133 06
133 06
133 06
133 06
133 06
133 06
134 06
134 06
134 06
134 06
134 06
134 06
134 06
135 06
135 06
135 06
135 06
135 06
135 06
135 06
136 06
136 06
136 06
136 06
136 06
136 06
136 06
137 06
137 06
137 06
137 06
137 06
137 06
137 06
138 06
138 06
138 06
138 06
138 06
138 06
138 06
139 06
139 06
139 06
139 06
139 06
139 06
139 06
140 06
140 06
140 06
140 06
140 03
140 06
140 06
140 06
141 06
141 06
141 06
141 06
141 06
141 06
141 06
142 06
142 06
142 06
142 06
142 06
142 06
142 06
143 06
143 06
143 06
143 06
143 06
143 06
143 06
144 06
144 06
144 06
144 06
144 06
144 06
144 06
145 06
145 06
145 06
145 06
145 06
145 06
145 06
146 06
146 06
146 06
146 06
146 06
146 06
146 06
147 06
147 06
147 06
147 06
147 06
147 06
147 06
148 06
148 06
148 06
148 06
148 06
148 06
148 06
148 06
149 06
149 06
149 06
149 06
149 06
149 06
149 06
150 06
150 06
150 06
150 06
150 06
150 06
150 06
151 06
151 06
151 06
151 06
151 06
151 06
151 06
152 06
152 06
152 06
152 06
152 06
152 06
152 06
153 06
153 06
153 06
153 06
153 06
153 06
153 06
154 06
154 06
154 06
154 06
154 06
154 03
154 06
154 06
155 06
155 06
155 06
155 06
155 06
155 06
155 06
156 06
156 06
156 06
156 06
156 06
156 06
156 06
157 06
157 06
157 06
157 06
157 06
157 06
157 06
158 06
158 03
158 13
159 0C
160 0C
167 14
168 14
169 03
169 06
169 06
169 06
169 06
169 06
169 06
170 06
170 06
170 06
170 06
170 06
170 06
170 06
171 06
171 06
171 06
171 06
171 06
171 06
171 06
172 06
172 06
172 06
172 06
172 06
172 06
172 06
173 06
173 06
173 06
173 06
173 06
173 06
173 06
174 06
174 06
174 06
174 06
174 06
174 06
174 06
175 06
175 06
175 06
175 06
175 06
175 06
175 06
175 06
176 06
176 06
176 06
176 06
176 06
176 06
176 06
177 06
177 06
177 06
177 06
177 06
177 06
177 06
178 06
178 06
178 06
178 06
178 06
178 06
178 06
179 06
179 06
179 06
179 06
179 06
179 06
179 06
180 06
180 06
180 06
180 06
180 06
180 06
180 06
181 06
181 06
181 06
181 06
181 06
181 06
181 06
182 06
182 06
182 06
182 06
182 06
182 06
182 06
183 06
183 03
183 06
183 06
183 06
183 06
183 06
183 06
184 06
184 06
184 06
184 06
184 06
184 06
184 06
185 06
185 06
185 06
185 06
185 06
185 06
185 06
186 06
186 06
186 06
186 06
186 06
186 06
186 06
187 06
187 06
187 06
187 06
187 06
187 06
187 06
188 06
188 06
188 06
188 06
188 06
188 06
188 06
189 06
189 06
189 06
189 06
189 06
189 06
189 06
190 06
190 06
190 06
190 06
190 06
190 06
190 06
191 06
191 06
191 06
191 06
191 06
191 06
191 06
191 06
192 06
192 06
192 06
192 06
192 06
192 06
192 06
193 06
193 06
193 06
193 06
193 06
193 06
193 06
194 06
194 06
194 06
194 06
194 06
194 06
194 06
195 06
195 06
195 06
195 06
195 06
195 06
195 06
196 06
196 06
196 06
196 06
196 06
196 06
196 06
197 06
197 06
197 03
197 06
197 06
197 06
197 06
198 06
198 06
198 06
198 06
198 06
198 06
198 06
199 06
199 06
199 06
199 06
199 06
199 06
199 06
200 06
200 06
200 06
200 06
200 06
200 06
200 06
200 06
201 06
201 06
201 06
201 06
201 06
201 06
201 06
202 06
202 06
202 06
202 06
202 06
202 06
202 06
203 06
203 06
203 06
203 06
203 06
203 06
203 06
204 06
204 06
204 06
204 06
204 06
204 06
204 06
205 06
205 06
205 06
205 06
205 06
205 06
205 06
206 06
206 06
206 06
206 06
206 06
206 06
206 06
207 06
207 06
207 06
207 06
207 06
207 06
207 06
208 06
208 06
208 06
208 06
208 06
208 06
208 06
209 06
209 06
209 06
209 06
209 06
209 06
209 06
210 06
210 06
210 06
210 06
210 06
210 06
210 06
211 06
211 06
211 06
211 06
211 03
211 06
211 06
211 06
212 06
212 06
212 06
212 06
212 06
212 06
212 06
213 06
213 06
213 06
213 06
213 06
213 06
213 06
214 06
214 06
214 06
214 06
214 06
214 06
214 06
215 06
215 06
215 06
215 06
215 06
215 06
215 06
216 06
216 06
216 06
216 06
216 06
216 06
216 06
217 06
217 06
217 06
217 06
217 06
217 06
217 06
217 06
218 06
218 06
218 06
218 06
218 06
218 06
218 06
219 06
219 06
219 06
219 06
219 06
219 06
219 06
220 06
220 06
220 06
220 06
220 06
220 06
220 06
221 06
221 06
221 06
221 06
221 06
221 06
221 06
222 06
222 03
222 13
223 0C
224 0C
228 10
243 14
246 14
248 14
249 03
249 06
249 06
249 06
249 06
249 06
249 06
250 06
250 06
250 06
250 06
250 06
250 06
250 06
251 06
251 06
251 06
251 06
251 06
251 06
251 06
252 06
252 06
252 06
252 06
252 06
252 06
252 06
253 06
253 06
253 06
253 06
253 06
253 06
253 06
254 06
254 06
254 06
254 06
254 06
254 06
254 06
255 06
255 06
255 06
255 06
255 06
255 06
255 06
255 06
256 06
256 06
256 06
256 06
256 06
256 06
256 06
257 06
257 06
257 06
257 06
257 06
257 06
257 06
258 06
258 06
258 06
258 06
258 06
258 06
258 06
259 06
259 06
259 06
259 06
259 06
259 06
259 06
260 06
260 06
260 06
260 06
260 06
260 06
260 06
261 06
261 06
261 06
261 06
261 06
261 06
261 06
262 06
262 06
262 06
262 06
262 06
262 06
262 06
263 06
263 03
263 06
263 06
263 06
263 06
263 06
264 06
264 06
264 06
264 06
264 06
264 06
264 06
265 06
265 06
265 06
265 06
265 06
265 06
265 06
266 06
266 06
266 06
266 06
266 06
266 06
266 06
267 06
267 06
267 06
267 06
267 06
267 06
267 06
268 06
268 06
268 06
268 06
268 06
268 06
268 06
268 06
269 06
269 06
269 06
269 06
269 06
269 06
269 06
270 06
270 06
270 06
270 06
270 06
270 06
270 06
271 06
271 06
271 06
271 06
271 06
271 06
271 06
272 06
272 06
272 06
272 06
272 06
272 06
272 06
273 06
273 06
273 06
273 06
273 06
273 06
273 06
274 06
274 06
274 06
274 06
274 06
274 06
274 06
275 06
275 06
275 06
275 06
275 06
275 06
275 06
276 06
276 06
276 06
276 06
276 06
276 06
276 06
277 06
277 06
277 06
277 03
277 06
277 06
277 06
277 06
278 06
278 06
278 06
278 06
278 06
278 06
278 06
279 06
279 06
279 06
279 06
279 06
279 06
279 06
280 06
280 06
280 06
280 06
280 06
280 06
280 06
281 06
281 06
281 06
281 06
281 06
281 06
281 06
282 06
282 06
282 06
282 06
282 06
282 06
282 06
283 06
283 06
283 06
283 06
283 06
283 06
283 06
284 06
284 06
284 06
284 06
284 06
284 06
284 06
284 06
285 06
285 06
285 06
285 06
285 06
285 06
285 06
286 06
286 06
286 06
286 06
286 06
286 06
286 06
287 06
287 06
287 06
287 06
287 06
287 06
287 06
288 06
288 06
288 06
288 06
288 06
288 06
288 06
289 06
289 06
289 06
289 06
289 06
289 06
289 06
290 06
290 06
290 06
290 06
290 06
290 06
290 06
291 06
291 06
291 06
291 06
291 03
291 06
291 06
291 06
292 06
292 06
292 06
292 06
292 06
292 06
292 06
293 06
293 06
293 06
293 06
293 06
293 06
293 06
294 06
294 06
294 06
294 06
294 06
294 06
294 06
295 06
295 06
295 06
295 06
295 06
295 06
295 06
296 06
296 06
296 06
296 06
296 06
296 06
296 06
297 06
297 06
297 06
297 06
297 06
297 06
297 06
298 06
298 06
298 06
298 06
298 06
298 06
298 06
299 06
299 06
299 06
299 06
299 06
299 06
299 06
300 06
300 06
300 06
300 06
300 06
300 06
300 06
301 06
301 06
301 06
301 06
301 06
301 06
301 06
302 06
302 06
302 06
302 06
302 06
302 06
302 06
303 06
303 06
303 06
303 06
303 06
303 06
303 06
304 06
304 03
304 13
305 0C
306 0C
314 14
317 14
318 0C
320 14
321 03
321 06
321 06
321 06
321 06
321 06
321 06
322 06
322 06
322 06
322 06
322 06
322 06
322 06
323 06
323 06
323 06
323 06
323 06
323 06
323 06
324 06
324 06
324 06
324 06
324 06
324 06
324 06
325 06
325 06
325 06
325 06
325 06
325 06
325 06
326 06
326 06
326 06
326 06
326 06
326 06
326 06
327 06
327 06
327 06
327 06
327 06
327 06
327 06
328 06
328 06
328 06
328 06
328 06
328 06
328 06
329 06
329 06
329 06
329 06
329 06
329 06
329 06
330 06
330 06
330 06
330 06
330 06
330 06
330 06
331 06
331 06
331 06
331 06
331 06
331 06
331 06
332 06
332 06
332 06
332 06
332 06
332 06
332 06
333 06
333 06
333 06
333 06
333 06
333 06
333 06
333 06
334 06
334 06
334 06
334 06
334 06
334 06
334 06
335 06
335 03
335 06
335 06
335 06
335 06
335 06
336 06
336 06
336 06
336 06
336 06
336 06
336 06
337 06
337 06
337 06
337 06
337 06
337 06
337 06
338 06
338 06
338 06
338 06
338 06
338 06
338 06
338 06
339 06
339 06
339 06
339 06
339 06
339 06
339 06
340 06
340 06
340 06
340 06
340 06
340 06
340 06
341 06
341 06
341 06
341 06
341 06
341 06
341 06
342 06
342 06
342 06
342 06
342 06
342 06
342 06
343 06
343 06
343 06
343 06
343 06
343 06
343 06
344 06
344 06
344 06
344 06
344 06
344 06
344 06
345 06
345 06
345 06
345 06
345 06
345 06
345 06
346 06
346 06
346 06
346 06
346 06
346 06
346 06
347 06
347 06
347 06
347 06
347 06
347 06
347 06
348 06
348 06
348 06
348 06
348 06
348 06
348 06
349 06
349 06
349 06
349 03
349 06
349 06
349 06
349 06
350 06
350 06
350 06
350 06
350 06
350 06
350 06
351 06
351 06
351 06
351 06
351 06
351 06
351 06
352 06
352 06
352 06
352 06
352 06
352 06
352 06
353 06
353 06
353 06
353 06
353 06
353 06
353 06
354 06
354 06
354 06
354 06
354 06
354 06
354 06
354 06
355 06
355 06
355 06
355 06
355 06
355 06
355 06
356 06
356 06
356 06
356 06
356 06
356 06
356 06
357 06
357 06
357 06
357 06
357 06
357 06
358 06
358 06
358 06
358 06
358 06
358 06
358 06
358 06
359 06
359 06
359 06
359 06
359 06
359 06
359 06
360 06
360 06
360 06
360 06
360 06
360 06
360 06
361 06
361 06
361 06
361 06
361 06
361 06
361 06
362 06
362 06
362 06
362 06
362 06
362 06
362 06
363 06
363 06
363 06
363 06
363 03
363 06
363 06
364 06
364 06
364 06
364 06
364 06
364 06
364 06
364 06
365 06
365 06
365 06
365 06
365 06
365 06
365 06
366 06
366 06
366 06
366 06
366 06
366 06
366 06
367 06
367 06
367 06
367 06
367 06
367 06
367 06
368 06
368 06
368 06
368 06
368 06
368 06
368 06
369 06
369 06
369 06
369 06
369 06
369 06
369 06
370 06
370 06
370 06
370 06
370 06
370 06
370 06
371 06
371 06
371 06
371 06
371 06
371 06
371 06
372 06
372 06
372 06
372 06
372 06
372 06
372 06
373 06
373 06
373 06
373 06
373 06
373 06
373 06
374 06
374 06
374 06
374 06
374 06
374 06
374 06
375 06
375 06
375 06
375 06
375 06
375 06
375 06
375 06
376 06
376 06
376 06
376 06
376 06
376 06
376 06
377 06
377 06
377 06
377 06
377 06
377 03
377 06
378 06
378 06
378 06
378 06
378 06
378 06
378 06
379 06
379 06
380 14
381 03
381 13
388 03
388 06
389 06
389 06
389 06
389 06
389 06
389 06
390 06
390 06
390 06
390 06
390 06
390 06
390 06
391 06
391 06
391 06
391 06
391 06
391 06
392 06
392 06
392 06
392 06
392 06
392 06
392 06
393 06
393 06
393 06
393 06
393 06
393 06
393 06
394 06
394 06
394 06
394 06
394 06
394 06
395 06
395 06
395 06
395 06
395 06
395 06
395 06
396 06
396 06
396 06
396 06
396 06
396 06
397 06
397 06
397 06
397 06
397 06
397 06
397 06
398 06
398 06
398 06
398 06
398 06
398 06
399 06
399 06
399 06
399 06
399 06
399 06
399 06
400 06
400 06
400 06
400 06
400 06
400 06
400 06
401 06
401 06
401 06
401 06
401 06
401 06
402 06
402 06
402 06
402 06
402 06
402 06
402 06
403 06
403 06
403 06
403 06
403 06
403 06
404 03
404 06
404 06
404 06
404 06
404 06
404 06
405 06
405 06
405 06
405 06
405 06
405 06
405 06
406 06
406 06
406 06
406 06
406 06
406 06
406 06
407 06
407 06
407 06
407 06
407 06
407 06
408 06
408 06
408 06
408 06
408 06
408 06
408 06
409 06
409 06
409 06
409 06
409 06
409 06
410 06
410 06
410 06
410 06
410 06
410 06
410 06
411 06
411 06
411 06
411 06
411 06
411 06
412 06
412 06
412 06
412 06
412 06
412 06
412 06
413 06
413 06
413 06
413 06
413 06
413 06
413 06
414 06
414 06
414 06
414 06
414 06
414 06
415 06
415 06
415 06
415 06
415 06
415 06
415 06
416 06
416 06
416 06
416 06
416 06
416 06
417 06
417 06
417 06
417 06
417 06
417 06
417 06
418 06
418 06
418 06
418 06
418 06
418 06
419 06
419 06
419 03
419 06
419 06
419 06
419 06
419 06
420 06
420 06
420 06
420 06
420 06
420 06
421 06
421 06
421 06
421 06
421 06
421 06
421 06
422 06
422 06
422 06
422 06
422 06
422 06
423 06
423 06
423 06
423 06
423 06
423 06
423 06
424 06
424 06
424 06
424 06
424 06
424 06
425 06
425 06
425 06
425 06
425 06
425 06
425 06
426 06
426 06
426 06
426 06
426 06
426 06
427 06
427 06
427 06
427 06
427 06
427 06
427 06
428 06
428 06
428 06
428 06
428 06
428 06
428 06
429 06
429 06
429 06
429 06
429 06
429 06
430 06
430 06
430 06
430 06
430 06
430 06
430 06
431 06
431 06
431 06
431 06
431 06
431 06
432 06
432 06
432 06
432 06
432 06
432 06
432 06
433 06
433 06
433 06
433 06
433 06
433 06
433 06
434 06
434 06
434 06
434 03
434 06
434 06
434 06
435 06
435 06
435 06
435 06
435 06
435 06
436 06
436 06
436 06
436 06
436 06
436 06
436 06
437 06
437 06
437 06
437 06
437 06
437 06
438 06
438 06
438 06
438 06
438 06
438 06
438 06
439 06
439 06
439 06
439 06
439 06
439 06
439 06
440 06
440 06
440 06
440 06
440 06
440 06
441 06
441 06
441 06
441 06
441 06
441 06
441 06
442 06
442 06
442 06
442 06
442 06
442 06
443 06
443 06
443 06
443 06
443 06
443 06
443 06
444 06
444 03
444 13
445 0C
449 11
449 11
449 11
450 11
450 11
451 12
452 05
452 08
452 12
453 12
454 01
454 01
457 04
457 04
457 04
457 04
457 04
458 04
458 04
458 04
458 12
459 12
460 05
460 08
460 12
461 04
461 04
461 12
463 0C
463 14
464 01
464 10
466 14
467 14
468 14
470 14
471 14
473 14
474 14
475 14
477 14
478 14
478 12
480 14
485 14
488 14
490 14
494 14
495 0C
496 0C
498 14
499 03
499 0D
511 14
512 06
512 06
512 06
512 06
512 06
512 06
512 06
513 06
513 06
513 06
513 06
513 06
513 06
513 06
514 06
514 06
514 06
514 06
514 06
514 06
514 06
515 06
515 06
515 06
515 06
515 06
515 06
515 06
516 06
516 06
516 06
516 06
516 06
516 06
516 06
517 06
517 06
517 06
517 06
517 06
517 06
517 06
518 06
518 06
518 06
518 06
518 06
518 06
518 06
519 06
519 06
519 06
519 06
519 06
519 06
519 06
520 06
520 06
520 06
520 06
520 06
520 06
520 06
521 06
521 06
521 06
521 06
521 06
521 06
521 06
522 06
522 06
522 06
522 06
522 06
522 06
522 06
523 06
523 06
523 06
523 06
523 06
523 06
523 06
524 06
524 06
524 06
524 06
524 06
524 06
524 06
525 06
525 06
525 06
525 06
525 06
525 06
525 06
526 06
526 03
526 06
526 06
526 06
526 06
526 06
526 06
527 06
527 06
527 06
527 06
527 06
527 06
527 06
528 06
528 06
528 06
528 06
528 06
528 06
528 06
529 06
529 06
529 06
529 06
529 06
529 06
529 06
530 06
530 06
530 06
530 06
530 06
530 06
530 06
531 06
531 06
531 06
531 06
531 06
531 06
531 06
531 06
532 06
532 06
532 06
532 06
532 06
532 06
532 06
533 06
533 06
533 06
533 06
533 06
533 06
533 06
534 06
534 06
534 06
534 06
534 06
534 06
534 06
535 06
535 06
535 06
535 06
535 06
535 06
535 06
536 06
536 06
536 06
536 06
536 06
536 06
536 06
537 06
537 06
537 06
537 06
537 06
537 06
537 06
538 06
538 06
538 06
538 06
538 06
538 06
538 06
539 06
539 06
539 06
539 06
539 06
539 06
539 06
540 06
540 06
540 03
540 06
540 06
540 06
540 06
540 06
541 06
541 06
541 06
541 06
541 06
541 06
541 06
542 06
542 06
542 06
542 06
542 06
542 06
542 06
543 06
543 06
543 06
543 06
543 06
543 06
543 06
544 06
544 06
544 06
544 06
544 06
544 06
544 06
545 06
545 06
545 06
545 06
545 06
545 06
545 06
546 06
546 06
546 06
546 06
546 06
546 06
546 06
547 06
547 06
547 06
547 06
547 06
547 06
547 06
547 06
548 06
548 06
548 06
548 06
548 06
548 06
548 06
549 06
549 06
549 06
549 06
549 06
549 06
549 06
550 06
550 06
550 06
550 06
550 06
550 06
550 06
551 06
551 06
551 06
551 06
551 06
551 06
551 06
552 06
552 06
552 06
552 06
552 06
552 06
552 06
553 06
553 06
553 06
553 06
553 06
553 06
553 06
554 06
554 06
554 06
554 03
554 06
554 06
554 06
554 06
555 06
555 06
555 06
555 06
555 06
555 06
555 06
556 06
556 06
556 06
556 06
556 06
556 06
556 06
557 06
557 06
557 06
557 06
557 06
557 06
557 06
558 06
558 06
558 06
558 06
558 06
558 06
558 06
559 06
559 06
559 06
559 06
559 06
559 06
559 06
560 06
560 06
560 06
560 06
560 06
560 06
560 06
561 06
561 06
561 06
561 06
561 06
561 06
561 06
562 06
562 06
562 06
562 06
562 06
562 06
562 06
563 06
563 06
563 06
563 06
563 06
563 06
563 06
563 06
564 06
564 06
564 06
564 06
564 06
564 06
564 06
565 06
565 06
565 06
565 06
565 06
565 06
565 06
566 06
566 06
566 06
566 06
566 06
566 06
567 06
567 06
567 06
567 06
567 06
567 06
567 06
568 06
568 06
568 06
568 06
568 06
568 03
568 06
568 06
569 06
569 06
569 06
569 06
569 06
569 06
569 06
570 06
570 06
570 06
570 06
570 06
570 06
570 06
571 06
571 06
571 06
571 06
571 06
571 06
571 06
572 06
572 06
572 06
572 06
572 06
572 06
572 06
573 06
573 06
573 06
573 06
573 06
573 06
573 06
573 06
574 06
574 06
574 06
574 06
574 06
574 06
574 06
575 06
575 06
575 06
575 06
575 06
575 06
575 06
576 06
576 06
576 06
576 06
576 06
576 06
576 06
577 06
577 06
577 06
577 06
577 06
577 06
577 06
578 06
578 06
578 06
578 06
578 06
578 06
578 06
579 06
579 06
579 06
579 06
579 06
579 06
579 06
580 06
580 06
580 06
580 06
580 06
580 06
580 06
581 06
581 06
581 06
581 06
581 06
581 06
581 06
582 06
582 06
582 06
582 06
582 06
582 06
582 03
583 06
583 06
583 06
583 06
583 06
583 06
583 06
584 06
584 06
584 06
584 06
584 06
584 06
584 06
585 06
585 06
585 06
585 06
585 06
585 06
585 06
585 06
586 06
586 06
586 06
586 06
586 06
586 06
586 06
587 06
587 06
587 06
587 06
587 06
587 06
587 06
588 06
588 06
588 06
588 06
588 06
588 06
588 06
589 06
589 06
589 06
589 06
589 06
589 06
589 06
590 06
590 06
590 06
590 06
590 06
590 06
590 06
591 06
591 06
591 06
591 06
591 06
591 06
591 06
592 06
592 06
592 06
592 06
592 06
592 06
592 06
593 06
593 06
593 06
593 06
593 06
593 06
593 06
594 06
594 06
594 06
594 06
594 06
594 06
594 06
595 06
595 06
595 06
595 06
595 06
595 06
595 06
596 06
596 06
596 06
596 06
596 06
596 06
596 06
596 06
597 03
597 06
597 06
597 06
597 06
597 06
597 06
598 06
598 06
598 06
598 06
598 06
598 06
598 06
599 06
599 06
599 06
599 06
599 06
599 06
599 06
600 06
600 06
601 14
602 03
602 13
609 03
609 06
610 06
611 14
612 03
612 13
619 03
619 06
620 06
620 06
620 06
620 06
620 06
620 06
621 06
621 06
621 06
621 06
621 06
621 06
621 06
622 06
623 14
624 03
624 13
631 03
631 06
632 14
633 03
633 13
640 03
640 06
641 06
641 06
641 06
641 06
641 06
641 06
641 06
642 06
642 06
642 06
642 06
642 06
642 06
643 06
643 06
643 06
643 06
643 06
643 06
643 06
644 06
644 06
644 06
644 06
644 06
644 06
645 06
645 06
645 06
645 06
645 06
645 06
645 06
646 06
646 06
646 06
646 06
646 06
646 06
647 06
648 14
649 03
649 13
656 03
656 06
657 06
657 06
657 06
657 06
657 06
657 06
657 06
658 06
659 14
660 03
660 13
667 03
667 06
668 06
668 06
668 06
668 06
668 06
668 06
668 06
669 06
669 06
669 06
669 06
669 06
669 06
670 06
670 06
670 06
670 06
670 06
670 06
670 06
671 06
672 14
673 03
673 13
680 03
680 06
681 06
681 06
681 06
681 06
681 06
681 06
681 06
682 06
682 06
682 06
682 06
682 06
682 06
683 06
683 06
683 06
683 06
683 06
683 06
683 06
684 06
684 06
684 06
684 06
684 06
684 06
685 06
685 06
685 06
685 06
685 06
685 06
685 06
686 06
686 06
686 06
686 06
686 06
686 06
686 06
687 06
687 06
687 06
687 06
687 06
687 06
688 06
688 06
688 06
688 06
688 06
688 06
688 06
689 06
689 06
689 06
689 06
689 06
689 06
690 06
690 06
690 06
690 06
690 06
690 06
690 06
691 06
691 06
691 06
691 06
691 06
691 06
692 06
692 06
692 06
692 06
692 06
692 06
692 06
693 06
693 06
693 06
693 06
693 06
693 06
693 06
694 06
694 06
694 06
694 06
694 06
694 06
695 06
695 06
695 06
695 06
695 06
695 06
696 03
696 06
696 06
696 06
696 06
696 06
696 06
697 06
697 06
697 06
697 06
697 06
697 06
697 06
698 06
698 06
698 06
698 06
698 06
698 06
698 06
699 06
700 14
701 03
701 13
708 03
708 06
709 06
709 06
709 06
709 06
709 06
709 06
709 06
710 06
710 06
710 06
710 06
710 06
710 06
711 06
711 06
711 06
711 06
711 06
711 06
712 06
712 06
712 06
712 06
712 06
712 06
712 06
713 06
713 06
713 06
713 06
713 06
713 06
713 06
714 06
714 06
714 06
714 06
714 06
714 06
715 06
715 06
715 06
715 06
715 06
715 06
715 06
716 06
716 06
716 06
716 06
716 06
716 06
717 06
717 06
717 06
717 06
717 06
717 06
717 06
718 06
718 06
718 06
718 06
718 06
718 06
719 06
719 06
719 06
719 06
719 06
719 06
719 06
720 06
720 06
720 06
720 06
720 06
720 06
720 06
721 06
721 06
721 06
721 06
721 06
721 06
722 06
722 06
722 06
722 06
722 06
722 06
722 06
723 06
723 06
723 06
723 06
723 06
723 06
724 03
724 06
724 06
724 06
724 06
724 06
724 06
725 06
725 06
725 06
725 06
725 06
725 06
725 06
726 06
726 06
726 06
726 06
726 06
726 06
726 06
727 06
727 06
727 06
727 06
727 06
727 06
728 06
728 06
728 06
728 06
728 06
728 06
728 06
729 06
729 06
729 06
729 06
729 06
729 06
730 06
730 06
730 06
730 06
730 06
730 06
730 06
731 06
731 06
731 06
731 06
731 06
731 06
731 06
732 06
732 06
732 06
732 06
732 06
732 06
733 06
733 06
733 06
733 06
733 06
733 06
733 06
734 06
734 06
734 06
734 06
734 06
734 06
735 06
735 06
735 06
735 06
735 06
735 06
735 06
736 06
736 06
736 06
736 06
736 06
736 06
737 06
737 06
737 06
737 06
737 06
737 06
737 06
738 06
738 06
738 06
738 06
738 06
738 06
738 06
739 06
739 03
739 06
739 06
739 06
739 06
739 06
740 06
740 06
740 06
740 06
740 06
740 06
741 06
741 06
741 06
741 06
741 06
741 06
741 06
742 06
742 06
742 06
742 06
742 06
742 06
743 06
743 06
743 06
743 06
743 06
743 06
743 06
744 06
744 06
744 06
744 06
744 06
744 06
745 06
745 06
745 06
745 06
745 06
745 06
745 06
746 06
746 06
746 06
746 06
746 06
746 06
747 06
747 06
747 06
747 06
747 06
747 06
747 06
748 06
748 06
748 06
748 06
748 06
748 06
749 06
749 06
749 06
749 06
749 06
749 06
749 06
750 06
750 06
750 06
750 06
750 06
750 06
750 06
751 06
751 06
751 06
751 06
751 06
751 06
752 06
752 06
752 06
752 06
752 06
752 06
752 06
753 06
753 06
753 06
753 06
753 06
753 06
754 06
754 06
754 06
754 06
754 03
754 06
754 06
755 06
755 06
755 06
755 06
755 06
755 06
755 06
756 06
756 06
756 06
756 06
756 06
756 06
756 06
757 06
757 06
757 06
757 06
757 06
757 06
758 06
758 06
758 06
758 06
758 06
758 06
758 06
759 06
759 06
759 06
759 06
759 06
759 06
760 06
760 06
760 06
760 06
760 06
760 06
760 06
761 06
761 06
761 06
761 06
761 06
761 06
761 06
762 06
762 06
762 06
762 06
762 06
762 06
763 06
763 06
763 06
763 06
763 06
763 06
763 06
764 06
764 06
764 06
764 06
764 06
764 06
765 06
765 06
765 06
765 06
765 06
765 06
765 06
766 06
766 06
766 06
766 06
766 06
766 06
767 06
767 06
767 06
767 06
767 06
767 06
767 06
768 06
768 06
768 06
768 06
768 06
768 06
768 06
769 06
769 06
769 06
769 06
769 06
769 03
769 06
770 06
770 06
770 06
770 06
770 06
770 06
771 06
771 06
771 06
771 06
771 06
771 06
771 06
772 06
772 06
772 06
772 06
772 06
772 06
773 06
773 06
773 06
773 06
773 06
773 06
773 06
774 06
774 06
774 06
774 06
774 06
774 06
775 06
775 06
775 06
775 06
775 06
775 06
775 06
776 06
776 06
776 06
776 06
776 06
776 06
777 06
777 06
777 06
777 06
777 06
777 06
777 06
778 06
778 06
778 06
778 06
778 06
778 06
779 06
779 06
779 06
779 06
779 06
779 06
779 06
780 06
780 06
780 06
780 06
780 06
780 06
781 06
781 06
781 06
781 06
781 06
781 06
781 06
782 06
782 06
782 06
782 06
782 06
782 06
782 06
783 06
783 06
783 06
783 06
783 06
783 06
784 06
784 06
784 06
784 06
784 06
784 06
784 06
785 06
785 03
785 06
785 06
785 06
785 06
785 06
786 06
786 06
786 06
786 06
786 06
786 06
787 06
787 06
787 06
787 06
787 06
787 06
787 06
788 06
788 06
788 06
788 06
788 06
788 06
788 06
789 06
789 06
789 06
789 06
789 06
789 06
790 06
790 06
790 06
790 06
790 06
790 06
791 06
791 06
791 06
791 06
791 06
791 06
791 06
792 06
792 06
792 06
792 06
792 06
792 06
793 06
793 06
793 06
793 06
793 06
793 06
793 06
794 06
794 06
794 06
794 06
794 06
794 06
794 06
795 06
795 06
795 06
795 06
795 06
795 06
796 06
796 06
796 06
796 06
796 06
796 06
796 06
797 06
797 06
797 06
797 06
797 06
797 06
798 06
798 06
798 06
798 06
798 06
798 06
798 06
799 06
799 06
799 06
799 06
799 06
799 06
799 06
800 06
800 06
800 06
800 03
800 06
800 06
800 06
801 06
801 06
801 06
801 06
801 06
801 06
802 06
802 06
802 06
802 06
802 06
802 06
802 06
803 06
803 06
803 06
803 06
803 06
803 06
804 06
804 06
804 06
804 06
804 06
804 06
804 06
805 06
805 06
805 06
805 06
805 06
805 06
805 06
806 06
806 06
806 06
806 06
806 06
806 06
807 06
807 03
807 13
808 0C
817 14
819 14
821 14
824 14
826 14
828 03
828 06
828 06
828 06
828 06
828 06
828 06
829 06
829 06
829 06
829 06
829 06
829 06
829 06
830 06
830 06
830 06
830 06
830 06
830 06
830 06
831 06
831 06
831 06
831 06
831 06
831 06
831 06
832 06
832 06
832 06
832 06
832 06
832 06
832 06
833 06
833 06
833 06
833 06
833 06
833 06
833 06
834 06
834 06
834 06
834 06
834 06
834 06
834 06
835 06
835 06
835 06
835 06
835 06
835 06
835 06
836 06
836 06
836 06
836 06
836 06
836 06
836 06
837 06
837 06
837 06
837 06
837 06
837 06
837 06
837 06
838 06
838 06
838 06
838 06
838 06
838 06
838 06
839 06
839 06
839 06
839 06
839 06
839 06
839 06
840 06
840 06
840 06
840 06
840 06
840 06
840 06
841 06
841 06
841 06
841 06
841 06
841 06
841 06
842 06
842 03
842 06
842 06
842 06
842 06
842 06
843 06
843 06
843 06
843 06
843 06
843 06
843 06
844 06
844 06
844 06
844 06
844 06
844 06
844 06
844 06
845 06
845 06
845 06
845 06
845 06
845 06
845 06
846 06
846 06
846 06
846 06
846 06
846 06
846 06
847 06
847 06
847 06
847 06
847 06
847 06
847 06
848 06
848 06
848 06
848 06
848 06
848 06
848 06
849 06
849 06
849 06
849 06
849 06
849 06
849 06
850 06
850 06
850 06
850 06
850 06
850 06
850 06
851 06
851 06
851 06
851 06
851 06
851 06
851 06
852 06
852 06
852 06
852 06
852 06
852 06
852 06
853 06
853 06
853 06
853 06
853 06
853 06
853 06
854 06
854 06
854 06
854 06
854 06
854 06
854 06
855 06
855 06
855 06
855 06
855 06
855 06
855 06
855 06
856 06
856 06
856 03
856 06
856 06
856 06
856 06
857 06
857 06
857 06
857 06
857 06
857 06
857 06
858 06
858 06
858 06
858 06
858 06
858 06
858 06
859 06
859 06
859 06
859 06
859 06
859 06
859 06
860 06
860 06
860 06
860 06
860 06
860 06
860 06
860 06
861 06
861 06
861 06
861 06
861 06
861 06
861 06
862 06
862 06
862 06
862 06
862 06
862 06
862 06
863 06
863 06
863 06
863 06
863 06
863 06
863 06
864 06
864 06
864 06
864 06
864 06
864 06
864 06
865 06
865 06
865 06
865 06
865 06
865 06
865 06
866 06
866 06
866 06
866 06
866 06
866 06
866 06
867 06
867 06
867 06
867 06
867 06
867 06
867 06
868 06
868 06
868 06
868 06
868 06
868 06
868 06
869 06
869 06
869 06
869 06
869 06
869 06
869 06
870 06
870 06
870 06
870 06
870 03
870 06
870 06
870 06
871 06
871 06
871 06
871 06
871 06
871 06
871 06
872 06
872 06
872 06
872 06
872 06
872 06
872 06
873 06
873 06
873 06
873 06
873 06
873 06
873 06
874 06
874 06
874 06
874 06
874 06
874 06
874 06
875 06
875 06
875 06
875 06
875 06
875 06
875 06
876 06
876 06
876 06
876 06
876 06
876 06
876 06
877 06
877 03
877 13
878 0C
879 0C
890 12
891 05
891 08
891 12
892 12
893 04
893 04
893 0D
894 0D
895 0D
897 14
898 14
900 14
903 14
903 04
903 04
903 04
903 04
904 10
904 01
904 14
906 14
909 14
912 14
914 14
915 14
916 14
917 14
919 14
920 14
921 14
922 14
924 14
924 14
926 14
926 12
927 0D
939 14
940 06
940 11
942 14
943 06
943 11
945 14
946 06
946 11
948 14
949 06
949 11
951 14
952 06
952 11
954 14
955 06
955 11
957 14
958 06
958 11
960 14
961 06
961 11
963 14
964 06
964 11
966 14
967 06
967 11
969 14
970 06
970 11
972 14
973 06
973 11
975 14
976 06
976 11
978 14
979 06
979 11
981 14
982 06
982 11
984 14
985 06
985 11
987 14
988 06
988 11
990 14
991 06
991 11
993 14
994 06
994 11
996 14
997 06
997 06
997 06
997 06
997 06
997 06
997 06
998 06
998 06
998 06
998 06
998 06
998 06
998 06
998 06
999 06
999 11
1001 14
1002 06
1002 11
1004 14
1005 06
1005 11
1007 14
1008 06
1008 06
1008 06
1008 06
1008 06
1008 06
1008 06
1009 06
1009 06
1009 06
1009 06
1009 06
1009 06
1009 06
1009 06
1010 06
1010 06
1010 06
1010 06
1010 06
1010 06
1010 06
1010 06
1011 06
1011 06
1011 06
1011 06
1011 06
1011 06
1011 06
1011 06
1012 06
1012 06
1012 06
1012 06
1012 06
1012 06
1012 06
1012 06
1012 06
1013 06
1013 06
1013 06
1013 06
1013 06
1013 06
1013 06
1013 06
1014 06
1014 11
1016 14
1017 06
1017 11
1019 14
1020 06
1020 06
1020 06
1020 06
1020 06
1020 06
1020 06
1021 06
1021 06
1021 06
1021 06
1021 06
1021 06
1021 06
1021 06
1022 06
1022 06
1022 06
1022 06
1022 06
1022 06
1022 06
1022 06
1023 06
1023 06
1023 06
1023 06
1023 06
1023 06
1023 06
1023 06
1024 06
1024 06
1024 06
1024 06
1024 06
1024 06
1024 06
1024 06
1024 06
1025 06
1025 11
1027 14
1028 06
1028 11
1030 14
1031 06
1031 06
1031 06
1031 06
1031 06
1031 06
1031 06
1032 06
1032 06
1032 06
1032 06
1032 06
1032 06
1032 06
1032 06
1033 06
1033 06
1033 06
1033 06
1033 06
1033 06
1033 06
1033 06
1034 06
1034 11
1036 14
1037 06
1037 11
1039 14
1040 06
1043 14
1045 14
1047 14
1048 03
1048 06
1048 06
1048 06
1048 06
1048 06
1048 06
1049 06
1049 06
1049 06
1049 06
1049 06
1049 06
1049 06
1050 06
1050 06
1050 06
1050 06
1050 06
1050 06
1050 06
1050 06
1051 06
1051 06
1051 06
1051 06
1051 06
1051 06
1051 06
1052 06
1052 06
1052 06
1052 06
1052 06
1052 06
1052 06
1053 06
1053 06
1053 06
1053 06
1053 06
1053 06
1053 06
1054 06
1054 06
1054 06
1054 06
1054 06
1054 06
1054 06
1055 06
1055 06
1055 06
1055 06
1055 06
1055 06
1055 06
1056 06
1056 06
1056 06
1056 06
1056 06
1056 06
1056 06
1057 06
1057 06
1057 06
1057 06
1057 06
1057 06
1057 06
1058 06
1058 03
1058 13
1059 0C
1060 0C
1068 14
1070 14
1073 14
1074 0C
1076 14
1077 03
1077 06
1077 06
1077 06
1077 06
1077 06
1077 06
1078 06
1078 06
1078 06
1078 06
1078 06
1078 06
1078 06
1079 06
1079 06
1079 06
1079 06
1079 06
1079 06
1079 06
1080 06
1080 06
1080 06
1080 06
1080 06
1080 06
1080 06
1081 06
1081 06
1081 06
1081 06
1081 06
1081 06
1081 06
1082 06
1082 06
1082 06
1082 06
1082 06
1082 06
1082 06
1083 06
1083 06
1083 06
1083 06
1083 06
1083 06
1083 06
1084 06
1084 06
1084 06
1084 06
1084 06
1084 06
1084 06
1084 06
1085 06
1085 06
1085 06
1085 06
1085 06
1085 06
1085 06
1086 06
1086 06
1086 06
1086 06
1086 06
1086 06
1086 06
1087 06
1087 06
1087 06
1087 06
1087 06
1087 06
1087 06
1088 06
1088 06
1088 06
1088 06
1088 06
1088 06
1088 06
1089 06
1089 06
1089 06
1089 06
1089 06
1089 06
1089 06
1090 06
1090 06
1090 06
1090 06
1090 06
1090 06
1090 06
1091 06
1091 03
1091 06
1091 06
1091 06
1091 06
1091 06
1091 06
1092 06
1092 06
1092 06
1092 06
1092 06
1092 06
1092 06
1093 06
1093 06
1093 06
1093 06
1093 06
1093 06
1093 06
1094 06
1094 06
1094 06
1094 06
1094 06
1094 06
1094 06
1095 06
1095 06
1095 06
1095 06
1095 06
1095 06
1095 06
1096 06
1096 06
1096 06
1096 06
1096 06
1096 06
1096 06
1097 06
1097 06
1097 06
1097 06
1097 06
1097 06
1097 06
1098 06
1098 06
1098 06
1098 06
1098 06
1098 06
1098 06
1099 06
1099 06
1099 06
1099 06
1099 06
1099 06
1099 06
1100 06
1100 06
1100 06
1100 06
1100 06
1100 06
1100 06
1100 06
1101 06
1101 06
1101 06
1101 06
1101 06
1101 06
1101 06
1102 06
1102 06
1102 06
1102 06
1102 06
1102 06
1102 06
1103 06
1103 06
1103 06
1103 06
1103 06
1103 06
1103 06
1104 06
1104 06
1104 06
1104 06
1104 06
1104 06
1104 06
1105 06
1105 06
1105 03
1105 06
1105 06
1105 06
1105 06
1106 06
1106 06
1106 06
1106 06
1106 06
1106 06
1106 06
1107 06
1107 06
1107 06
1107 06
1107 06
1107 06
1107 06
1107 06
1108 06
1108 06
1108 06
1108 06
1108 06
1108 06
1108 06
1109 06
1109 06
1109 06
1109 06
1109 06
1109 06
1109 06
1110 06
1110 06
1110 06
1110 06
1110 06
1110 06
1110 06
1111 06
1111 06
1111 06
1111 06
1111 06
1111 06
1111 06
1112 06
1112 06
1112 06
1112 06
1112 06
1112 06
1112 06
1113 06
1113 06
1113 06
1113 06
1113 06
1113 06
1113 06
1114 06
1114 06
1114 06
1114 06
1114 06
1114 06
1114 06
1115 06
1115 06
1115 06
1115 06
1115 06
1115 06
1115 06
1116 06
1116 06
1116 06
1116 06
1116 06
1116 06
1116 06
1117 06
1117 06
1117 06
1117 06
1117 06
1117 06
1117 06
1118 06
1118 06
1118 06
1118 06
1118 06
1118 06
1118 06
1118 06
1119 06
1119 06
1119 06
1119 03
1119 06
1119 06
1119 06
1120 06
1120 06
1120 06
1120 06
1120 06
1120 06
1120 06
1121 06
1121 06
1121 06
1121 06
1121 06
1121 06
1121 06
1122 06
1122 06
1122 06
1122 06
1122 06
1122 06
1122 06
1123 06
1123 06
1123 06
1123 06
1123 06
1123 06
1123 06
1124 06
1124 06
1124 06
1124 06
1124 06
1124 06
1124 06
1125 06
1125 06
1125 06
1125 06
1125 06
1125 06
1125 06
1126 06
1126 06
1126 06
1126 06
1126 06
1126 06
1126 06
1126 06
1127 06
1127 06
1127 06
1127 06
1127 06
1127 06
1127 06
1128 06
1128 06
1128 06
1128 06
1128 06
1128 06
1128 06
1129 06
1129 06
1129 06
1129 06
1129 06
1129 06
1129 06
1130 06
1130 06
1131 14
1132 03
1132 13
1139 03
1139 06
1140 06
1140 06
1140 06
1140 06
1140 06
1140 06
1141 06
1141 06
1141 06
1141 06
1141 06
1141 06
1141 06
1142 06
1142 06
1142 06
1142 06
1142 06
1142 06
1142 06
1143 06
1143 06
1143 06
1143 06
1143 06
1143 06
1144 06
1144 06
1144 06
1144 06
1144 06
1144 06
1144 06
1145 06
1145 06
1145 06
1145 06
1145 06
1145 06
1146 06
1146 06
1146 06
1146 06
1146 06
1146 06
1146 06
1147 06
1147 06
1147 06
1147 06
1147 06
1147 06
1147 06
1148 06
1148 06
1148 06
1148 06
1148 06
1148 06
1149 06
1149 06
1149 06
1149 06
1149 06
1149 06
1149 06
1150 06
1150 06
1150 06
1150 06
1150 06
1150 06
1151 06
1151 06
1151 06
1151 06
1151 06
1151 06
1151 06
1152 06
1152 06
1152 06
1152 06
1152 06
1152 06
1153 06
1153 06
1153 06
1153 06
1153 06
1153 06
1153 06
1154 06
1154 06
1154 06
1154 06
1154 06
1154 06
1155 03
1155 06
1155 06
1155 06
1155 06
1155 06
1155 06
1156 06
1156 06
1156 06
1156 06
1156 06
1156 06
1156 06
1157 06
1157 06
1157 06
1157 06
1157 06
1157 06
1158 06
1158 06
1158 06
1158 06
1158 06
1158 06
1158 06
1159 06
1159 06
1159 06
1159 06
1159 06
1159 06
1159 06
1160 06
1160 06
1160 06
1160 06
1160 06
1160 06
1161 06
1161 06
1161 06
1161 06
1161 06
1161 06
1161 06
1162 06
1162 06
1162 06
1162 06
1162 06
1162 06
1163 06
1163 06
1163 06
1163 06
1163 06
1163 06
1164 06
1164 06
1164 06
1164 06
1164 06
1164 06
1164 06
1165 06
1165 06
1165 06
1165 06
1165 06
1165 06
1166 06
1166 06
1166 06
1166 06
1166 06
1166 06
1167 06
1167 06
1167 06
1167 06
1167 06
1167 06
1167 06
1168 06
1168 06
1168 06
1168 06
1168 06
1168 06
1169 06
1169 06
1169 06
1169 06
1169 06
1169 06
1170 06
1170 06
1170 06
1170 06
1170 03
1170 06
1170 06
1171 06
1171 06
1171 06
1171 06
1171 06
1171 06
1171 06
1172 06
1172 06
1172 06
1172 06
1172 06
1172 06
1173 06
1173 06
1173 06
1173 06
1173 06
1173 06
1173 06
1174 06
1174 06
1174 06
1174 06
1174 06
1174 06
1174 06
1175 06
1175 06
1175 06
1175 06
1175 06
1175 06
1176 06
1176 06
1176 06
1176 06
1176 06
1176 06
1176 06
1177 06
1177 06
1177 06
1177 06
1177 06
1177 06
1178 06
1178 06
1178 06
1178 06
1178 06
1178 06
1178 06
1179 06
1179 06
1179 06
1179 06
1179 06
1179 06
1179 06
1180 06
1180 06
1180 06
1180 06
1180 06
1180 06
1181 06
1181 06
1181 06
1181 06
1181 06
1181 06
1181 06
1182 06
1182 06
1182 06
1182 06
1182 06
1182 06
1183 06
1183 06
1183 06
1183 06
1183 06
1183 06
1183 06
1184 06
1184 06
1184 06
1184 06
1184 06
1184 06
1185 06
1185 06
1185 06
1185 06
1185 06
1185 06
1185 03
1185 06
1186 06
1186 06
1186 06
1186 06
1186 06
1186 06
1187 06
1187 06
1187 06
1187 06
1187 06
1187 06
1187 06
1188 06
1188 06
1188 06
1188 06
1188 06
1188 06
1189 06
1189 06
1189 06
1189 06
1189 06
1189 06
1189 06
1190 06
1190 06
1190 06
1190 06
1190 06
1190 06
1191 06
1191 06
1191 06
1191 06
1191 06
1191 06
1191 06
1192 06
1192 06
1192 06
1192 06
1192 06
1192 06
1192 06
1193 06
1193 06
1193 06
1193 06
1193 06
1193 06
1194 06
1194 06
1194 06
1194 06
1194 06
1194 06
1194 06
1195 06
1195 06
1195 06
1195 06
1195 06
1195 06
1196 06
1196 06
1196 06
1196 06
1196 06
1196 06
1196 06
1197 06
1197 06
1197 06
1197 06
1197 06
1197 06
1198 06
1198 06
1198 06
1198 06
1198 06
1198 06
1198 06
1199 06
1199 06
1199 06
1199 06
1199 06
1199 06
1199 06
1200 06
1200 06
1200 06
1200 06
1200 06
1200 06
1201 06
1201 03
1201 06
1201 06
1201 06
1201 06
1201 06
1202 06
1202 03
1202 13
1203 0C
1211 14
1213 14
1215 14
1216 03
1216 06
1216 06
1216 06
1216 06
1216 06
1216 06
1217 06
1217 06
1217 06
1217 06
1217 06
1217 06
1217 06
1218 06
1218 06
1218 06
1218 06
1218 06
1218 06
1218 06
1219 06
1219 06
1219 06
1219 06
1219 06
1219 06
1219 06
1220 06
1220 06
1220 06
1220 06
1220 06
1220 06
1220 06
1221 06
1221 06
1221 06
1221 06
1221 06
1221 06
1221 06
1222 06
1222 06
1222 06
1222 06
1222 06
1222 06
1222 06
1222 06
1223 06
1223 06
1223 06
1223 06
1223 06
1223 06
1223 06
1224 06
1224 06
1224 06
1224 06
1224 06
1224 06
1224 06
1225 06
1225 06
1225 06
1225 06
1225 06
1225 06
1225 06
1226 06
1226 06
1226 06
1226 06
1226 06
1226 06
1226 06
1227 06
1227 06
1227 06
1227 06
1227 06
1227 06
1227 06
1228 06
1228 06
1228 06
1228 06
1228 06
1228 06
1228 06
1229 06
1229 06
1229 06
1229 06
1229 06
1229 06
1229 06
1230 06
1230 03
1230 06
1230 06
1230 06
1230 06
1230 06
1230 06
1231 06
1231 06
1231 06
1231 06
1231 06
1231 06
1231 06
1232 06
1232 06
1232 06
1232 06
1232 06
1232 06
1232 06
1233 06
1233 06
1233 06
1233 06
1233 06
1233 06
1233 06
1234 06
1234 06
1234 06
1234 06
1234 06
1234 06
1234 06
1235 06
1235 06
1235 06
1235 06
1235 06
1235 06
1235 06
1236 06
1236 06
1236 06
1236 06
1236 06
1236 06
1236 06
1237 06
1237 06
1237 06
1237 06
1237 06
1237 06
1237 06
1238 06
1238 06
1238 06
1238 06
1238 06
1238 06
1238 06
1239 06
1239 06
1239 06
1239 06
1239 06
1239 06
1239 06
1240 06
1240 06
1240 06
1240 06
1240 06
1240 06
1240 06
1241 06
1241 06
1241 06
1241 06
1241 06
1241 06
1241 06
1242 06
1242 06
1242 06
1242 06
1242 06
1242 06
1242 06
1243 06
1243 06
1243 06
1243 06
1243 06
1243 06
1243 06
1243 06
1244 06
1244 06
1244 03
1244 06
1244 06
1244 06
1244 06
1245 06
1245 06
1245 06
1245 06
1245 06
1245 06
1245 06
1246 06
1246 06
1246 06
1246 06
1246 06
1246 06
1246 06
1247 06
1247 06
1247 06
1247 06
1247 06
1247 06
1247 06
1248 06
1248 06
1248 06
1248 06
1248 06
1248 06
1248 06
1248 06
1249 06
1249 06
1249 06
1249 06
1249 06
1249 06
1249 06
1250 06
1250 06
1250 06
1250 06
1250 06
1250 06
1250 06
1251 06
1251 06
1251 06
1251 06
1251 06
1251 06
1251 06
1252 06
1252 06
1252 06
1252 06
1252 06
1252 06
1252 06
1253 06
1253 06
1253 06
1253 06
1253 06
1253 06
1253 06
1254 06
1254 06
1254 06
1254 06
1254 06
1254 06
1254 06
1255 06
1255 06
1255 06
1255 06
1255 06
1255 06
1255 06
1256 06
1256 06
1256 06
1256 06
1256 06
1256 06
1256 06
1257 06
1257 06
1257 06
1257 06
1257 06
1257 06
1257 06
1258 06
1258 06
1258 06
1258 06
1258 03
1258 06
1258 06
1258 06
1259 06
1259 06
1259 06
1259 06
1259 06
1259 06
1259 06
1260 06
1260 06
1260 06
1260 06
1260 06
1260 06
1260 06
1261 06
1261 06
1261 06
1261 06
1261 06
1261 06
1261 06
1262 06
1262 06
1262 06
1262 06
1262 06
1262 06
1262 06
1263 06
1263 06
1263 06
1263 06
1263 06
1263 06
1263 06
1264 06
1264 06
1264 06
1264 06
1264 06
1264 06
1264 06
1265 06
1265 06
1265 06
1265 06
1265 06
1265 06
1265 06
1266 06
1266 06
1266 06
1266 06
1266 06
1266 06
1266 06
1267 06
1267 06
1267 06
1267 06
1267 06
1267 06
1267 06
1268 06
1268 03
1268 13
1269 0C
1270 0C
1278 14
1279 14
1280 11
1282 11
1283 11
1284 11
1286 11
1287 11
1289 11
1290 11
1292 11
1293 11
1294 11
1295 11
1298 11
1299 11
1300 11
1302 11
1303 11
1304 11
1305 11
1308 11
1309 11
1310 11
1313 11
1314 11
1315 11
1316 11
1318 11
1320 11
1321 11
1323 11
1325 11
1325 11
1328 11
1329 11
1330 11
1331 11
1334 11
1335 11
1336 11
1339 11
1340 11
1341 11
1343 11
1345 11
1346 11
1348 11
1350 11
1350 11
1353 11
1354 11
1355 11
1356 11
1358 11
1360 11
1361 11
1362 11
1368 0A
1368 04
1368 04
1369 07
1369 09
1369 09
1369 09
1369 0A
1369 0A
1369 0A
1369 12
1370 05
1370 08
1370 04
1370 04
1370 04
1371 04
1371 01
1372 12
1373 12
1374 0C
1374 14
1375 01
1375 10
1377 14
1378 14
1379 14
1381 14
1382 14
1384 14
1385 14
1386 14
1388 14
1389 14
1389 12
1390 11
1390 11
1390 11
1391 11
1391 11
1392 11
1393 11
1393 11
1394 11
1394 11
1395 11
1396 11
1396 11
1397 11
1397 11
1398 11
1398 11
1399 11
1399 11
1400 11
1401 11
1401 11
1402 11
1404 14
1406 14
1447 11
1447 11
1448 11
1448 11
1449 11
1449 11
1450 11
1450 11
1450 11
1451 11
1451 11
1452 11
1452 11
1453 11
1453 11
1454 11
1454 11
1455 11
1456 14
1459 14
1624 0C
1631 07
1631 10
1631 10
1631 04
1631 10
1631 04
1631 10
1632 04
1632 10
1632 04
1632 10
1632 04
1632 10
1632 04
1632 10
1632 04
1633 10
1633 04
1633 10
1633 04
1633 10
1633 04
1633 10
1633 04
1633 10
1633 04
1634 10
1634 04
1634 10
1634 04
1634 10
1634 04
1634 10
1634 04
1634 01
