00 01 00 00 00 00 00 00 00 00 00 00 00 00 00 00
00 00 00 00 00 00 00 00 00 00 00 00 00 00 00 00
00 00 00 00 00 00 00 00 00 00 00 00 00 00 00 00
00 00 00 00 00 00 00 00 00 00 00 00 00 00 00 00
00 00 00 00 00 00 00 00 00 00 00 00 00 00 00 00
00 00 00 00 00 00 00 00 00 00 00 00 00 00 00 00
00 00 00 00 00 00 00 00 00 00 00 00 00 00 00 00
00 00 00 00 00 00 00 00 00 00 00 00 00 00 00 00
00 00 00 00 00 00 00 00 00 00 00 00 00 00 00 00
00 00 00 00 00 00 00 00 00 00 00 00 00 00 00 00
00 00 00 00 00 00 00 00 00 00 00 00 00 00 00 00
00 00 00 00 00 00 00 00 00 00 00 00 00 00 00 00
00 00 00 00 00 00 00 00 00 00 00 00 00 00 00 00
00 00 00 00 00 00 00 00 00 00 00 00 00 00 00 00
00 00 00 00 00 00 00 00 00 00 00 00 00 00 00 00
00 00 00 00 00 00 00 00 00 00 00 00 00 00 00 00
00 00 00 00 00 00 00 00 00 00 00 00 00 00 00 00
00 00 00 00 00 00 00 00 00 00 00 00 00 00 00 00
00 00 00 00 00 00 00 00 00 00 00 00 00 00 00 00
00 00 00 00 00 00 00 00 00 00 00 00 00 00 00 00
00 00 00 00 00 00 00 00 00 00 00 00 00 00 00 00
00 00 00 00 00 00 00 00 00 00 00 00 00 00 00 00
00 00 00 00 00 00 00 00 00 00 00 00 00 00 00 00
00 00 00 00 00 00 00 00 00 00 00 00 00 00 00 00
00 00 00 00 00 00 00 00 00 00 00 00 00 00 00 00
00 00 00 00 00 00 00 00 00 00 00 00 00 00 00 00
00 00 00 00 00 00 00 00 00 00 00 00 00 00 00 00
00 00 00 00 00 00 00 00 00 00 00 00 00 00 00 00
00 00 00 00 00 00 00 00 00 00 00 00 00 00 00 00
00 00 00 00 00 00 00 00 00 00 00 00 00 00 00 00
00 00 00 00 00 00 00 00 00 00 00 00 00 00 00 00
00 00 00 00 00 00 00 00 00 00 00 00 00 00 00 00
00 00 00 00 00 00 00 00 00 00 00 00 00 00 00 00
00 00 00 00 00 00 00 00 00 00 00 00 00 00 00 00
00 00 00 00 00 00 00 00 00 00 00 00 00 00 00 00
00 00 00 00 00 00 00 00 00 00 00 00 00 00 00 00
00 00 00 00 00 00 00 00 00 00 00 00 00 00 00 00
00 00 00 00 00 00 00 00 00 00 00 00 00 00 00 00
00 00 00 00 00 00 00 00 00 00 00 00 5A 00 00 00
00 00 00 00 00 00 00 00 00 00 00 00 00 00 00 00
00 00 00 00 00 00 00 00 00 00 00 00 00 00 00 00
00 00 00 00 00 00 00 00 00 00 00 00 00 00 00 00
00 00 00 00 00 00 00 00 00 00 00 00 00 00 00 00
00 00 00 00 00 00 00 00 00 00 00 00 00 00 00 00
00 00 00 00 00 00 00 00 00 00 00 00 00 00 00 00
00 00 00 00 00 00 00 00 00 00 00 00 00 00 00 00
00 00 00 00 00 00 00 00 00 00 00 00 00 00 00 00
00 00 00 00 00 00 00 00 00 00 00 00 00 00 00 00
00 00 00 00 00 00 00 00 00 00 00 00 00 00 00 00
00 00 00 00 00 00 00 00 00 00 00 00 00 00 00 00
00 00 00 00 00 00 00 00 00 00 00 00 00 00 00 00
00 00 00 00 00 00 00 00 00 00 00 00 00 00 00 00
00 00 00 00 00 00 00 00 00 00 00 00 00 00 00 00
00 00 00 00 00 00 00 00 00 00 00 00 00 00 00 00
00 00 00 00 00 00 00 00 00 00 00 00 00 00 00 00
00 00 00 00 00 00 00 00 00 00 00 00 00 00 00 00
00 00 00 00 00 00 00 00 00 00 00 00 00 00 00 00
00 00 00 00 00 00 00 00 00 00 00 00 00 00 00 00
00 00 00 00 00 00 00 00 00 00 00 00 00 00 00 00
00 00 00 00 00 00 00 00 00 00 00 00 00 00 00 00
00 00 00 00 00 00 00 00 00 00 00 00 00 00 00 00
00 00 00 00 00 00 00 00 00 00 00 00 00 00 00 00
00 00 00 00 00 00 00 00 00 00 00 00 00 00 00 00
00 00 00 00 00 00 00 00 00 00 00 00 00 00 00 00
00 00 00 00 00 00 00 00 00 00 00 00 00 00 00 00
00 00 00 00 00 00 00 00 00 00 00 00 00 00 00 00
00 00 00 00 00 00 00 00 00 00 00 00 00 00 00 00
00 00 00 00 00 00 00 00 00 00 00 00 00 00 00 00
00 00 00 00 00 00 00 00 00 00 00 00 00 00 00 00
00 00 00 00 00 00 00 00 00 00 00 00 00 00 00 00
00 00 00 00 00 00 00 00 00 00 00 00 00 00 00 00
00 00 00 00 00 00 00 00 00 00 00 00 00 00 00 00
00 00 00 00 00 00 00 00 00 00 00 00 00 00 00 00
00 00 00 00 00 00 00 00 00 00 00 00 00 00 00 00
00 00 00 00 00 00 00 00 00 00 00 00 00 00 5A 00
00 5A 00 00 00 00 00 00 00 00 00 00 00 00 00 00
00 00 00 00 00 00 00 00 00 00 00 00 00 00 00 00
00 00 00 00 00 00 00 00 00 00 00 00 00 00 00 00
00 00 00 00 00 00 00 00 00 00 00 00 00 00 00 00
00 00 00 00 00 00 00 00 00 00 00 00 00 00 00 00
00 00 00 00 00 00 00 00 00 00 00 00 00 00 00 00
00 00 00 00 00 00 00 00 00 00 00 00 00 00 00 00
00 00 00 00 00 00 00 00 00 00 00 00 00 00 00 00
00 00 00 00 00 00 00 00 00 00 00 00 00 00 00 00
00 00 00 00 00 00 00 00 00 00 00 00 00 00 00 00
00 00 00 00 00 00 00 00 00 00 00 00 00 00 00 00
00 00 00 00 00 00 00 00 00 00 00 00 00 00 00 00
00 00 00 00 00 00 00 00 00 00 00 00 00 00 00 00
00 00 00 00 00 00 00 00 00 00 00 00 00 00 00 00
00 00 00 00 00 00 00 00 00 00 00 00 00 00 00 00
00 00 00 00 00 00 00 00 00 00 00 00 00 00 00 00
00 00 00 00 00 00 00 00 00 00 00 00 00 00 00 00
00 00 00 00 00 00 00 00 00 00 00 00 00 00 00 00
00 00 00 00 00 00 00 00 00 00 00 00 00 00 00 00
00 00 00 00 00 00 00 00 00 00 00 00 00 00 00 00
00 00 00 00 00 00 00 00 00 00 00 00 00 00 00 00
00 00 00 00 00 00 00 00 00 00 00 00 00 00 00 00
00 00 00 00 00 00 00 00 00 00 00 00 00 00 00 00
00 00 00 00 00 00 00 00 00 00 00 00 00 00 00 00
00 00 00 00 00 00 00 00 00 00 00 00 00 00 00 00
00 00 00 00 00 00 00 00 00 00 00 00 00 00 00 00
00 00 00 00 00 00 00 00 00 00 00 00 00 00 00 00
00 00 00 00 00 00 00 00 00 00 00 00 00 00 00 00
00 00 00 00 00 00 00 00 00 00 00 00 00 00 00 00
00 00 00 00 00 00 00 00 00 00 00 00 00 00 00 00
00 00 00 00 00 00 00 00 00 00 00 00 00 00 00 00
00 00 00 00 00 00 00 00 00 00 00 00 00 00 00 00
00 00 00 00 00 00 00 00 00 00 00 00 00 00 00 00
00 00 00 00 00 00 00 00 00 00 00 00 00 00 00 00
00 00 00 00 00 00 00 00 00 00 00 00 00 00 00 00
00 00 00 00 00 00 00 00 00 00 00 00 00 00 00 00
00 00 00 00 00 00 00 00 00 00 00 00 00 00 00 00
00 00 00 00 00 00 00 00 00 00 00 00 00 00 00 00
00 00 00 00 00 00 00 00 00 00 00 00 00 00 00 00
00 00 00 00 00 00 00 00 00 00 00 00 00 00 00 00
00 00 00 00 00 00 00 00 00 00 00 00 00 00 00 00
00 00 00 00 00 00 00 00 00 00 00 00 00 00 00 00
00 00 00 00 00 00 00 00 00 00 00 00 00 00 00 00
00 00 00 00 00 00 00 00 00 00 00 00 00 00 00 00
00 00 00 00 00 00 00 00 00 00 00 00 00 00 00 00
00 00 00 00 00 00 00 00 00 00 00 00 00 00 00 00
00 00 00 00 00 00 00 00 00 00 00 00 00 00 00 00
00 00 00 00 00 00 00 00 00 00 00 00 00 00 00 00
00 00 00 00 00 00 00 00 00 00 00 00 00 00 00 00
00 00 00 00 00 00 00 00 00 00 00 00 00 00 00 00
00 00 00 00 00 00 00 00 00 00 00 00 00 00 00 00
00 00 00 00 00 00 00 00 00 00 00 00 00 00 00 00
00 00 00 00 00 00 00 00 00 00 00 00 00 00 00 00
00 00 00 00 00 00 00 00 00 00 00 00 00 00 00 00
00 00 00 00 00 00 00 00 00 00 00 00 00 00 00 00
00 00 00 00 00 00 00 00 00 00 00 00 00 00 00 00
00 00 00 00 00 00 00 00 00 00 00 00 00 00 00 00
00 00 00 00 00 00 00 00 00 00 00 00 00 00 00 00
00 00 00 00 00 00 00 00 00 00 00 00 00 00 00 00
00 00 00 00 00 00 00 00 00 00 00 00 00 00 00 00
00 00 00 00 00 00 00 00 00 00 00 00 00 00 00 00
00 00 00 00 00 00 00 00 00 00 00 00 00 00 00 00
00 00 00 00 00 00 00 00 00 00 00 00 00 00 00 00
00 00 00 00 00 00 00 00 00 00 00 00 00 00 00 00
00 00 00 00 00 00 00 00 00 00 00 00 00 00 00 00
00 00 00 00 00 00 00 00 00 00 00 00 00 00 00 00
00 00 00 00 00 00 00 00 00 00 00 00 00 00 00 00
00 00 00 00 00 00 00 00 00 00 00 00 00 00 00 00
00 00 00 00 00 00 00 00 00 00 00 00 00 00 00 00
00 00 00 00 00 00 00 00 00 00 00 00 00 00 00 00
00 00 00 00 00 00 00 00 00 00 00 00 00 00 00 00
00 00 00 00 00 00 00 00 00 00 00 00 00 00 00 00
00 00 00 00 00 00 00 00 00 00 00 00 00 00 00 00
00 00 00 00 00 00 00 00 00 00 00 00 00 00 00 00
00 00 00 00 00 00 00 00 00 00 00 00 00 00 00 00
00 00 00 00 00 00 00 00 00 00 00 00 00 00 00 00
00 00 00 00 00 00 00 00 00 00 00 00 00 00 00 00
00 00 00 00 00 00 00 00 00 00 00 00 00 00 00 00
00 00 00 00 00 00 00 00 00 00 00 00 00 00 00 00
00 00 00 00 00 00 00 00 00 00 00 00 00 00 00 00
00 00 00 00 00 00 00 00 00 00 00 00 00 00 00 00
00 00 00 00 00 00 00 00 00 00 00 00 00 00 00 00
00 00 00 00 00 00 00 00 00 00 00 00 00 00 00 00
00 00 00 00 00 00 00 00 00 00 00 00 00 00 00 00
00 00 00 00 00 00 00 00 00 00 00 00 00 00 00 00
00 00 00 00 00 00 00 00 00 00 00 00 00 00 00 00
00 00 00 00 00 00 00 00 00 00 00 00 00 00 00 00
00 00 00 00 00 00 00 00 00 00 00 00 00 00 00 00
00 00 00 00 00 00 00 00 00 00 00 00 00 00 00 00
00 00 00 00 00 00 00 00 00 00 00 00 00 00 00 00
00 00 00 00 00 00 00 00 00 00 00 00 00 00 00 00
00 00 00 00 00 00 00 00 00 00 00 00 00 00 00 00
00 00 00 00 00 00 00 00 00 00 00 00 00 00 00 00
00 00 00 00 00 00 00 00 00 00 00 00 00 00 00 00
00 00 00 00 00 00 00 00 00 00 00 00 00 00 00 00
00 00 00 00 00 00 00 00 00 00 00 00 00 00 00 00
00 00 00 00 00 00 00 00 00 00 00 00 00 00 00 00
00 00 00 00 00 00 00 00 00 00 00 00 00 00 00 00
00 00 00 00 00 00 00 00 00 00 00 00 00 00 00 00
00 00 00 00 00 00 00 00 00 00 00 00 00 00 00 00
00 00 00 00 00 00 00 00 00 00 00 00 00 00 00 00
00 00 00 00 00 00 00 00 00 00 00 00 00 00 00 00
00 00 00 00 00 00 00 00 00 00 00 00 00 00 00 00
00 00 00 00 00 00 00 00 00 00 00 00 00 00 00 00
00 00 00 00 00 00 00 00 00 00 00 00 00 00 00 00
00 00 00 00 00 00 00 00 00 00 00 00 00 00 00 00
00 00 00 00 00 00 00 00 00 00 00 00 00 00 00 00
00 00 00 00 00 00 00 00 00 00 00 00 00 00 00 00
00 00 00 00 00 00 00 00 00 00 00 00 00 00 00 00
00 00 00 00 00 00 00 00 00 00 00 00 00 00 00 00
00 00 00 00 00 00 00 00 00 00 00 00 00 00 00 00
00 00 00 00 00 00 00 00 00 00 00 00 00 00 00 00
00 00 00 00 00 00 00 00 00 00 00 00 00 00 00 00
00 00 00 00 00 00 00 00 00 00 00 00 00 00 00 00
00 00 00 00 00 00 00 00 00 00 00 00 00 00 00 00
00 00 00 00 00 00 00 00 00 00 00 00 00 00 00 00
00 00 00 00 00 00 00 00 00 00 00 00 00 00 05 00
00 00 00 00 00 00 00 00 00 00 00 00 00 00 00 00
00 00 00 00 00 00 00 00 00 00 00 00 00 00 00 00
00 00 00 00 00 00 00 00 00 00 00 00 00 14 14 14
14 14 14 14 14 14 14 14 14 14 14 14 14 14 14 14
14 14 14 14 14 14 14 14 14 14 14 14 14 14 14 14
14 14 14 14 14 14 14 14 14 14 14 14 14 14 14 00
00 01 00 01 00 32 00 00 00 00 00 00 00 00 00 00
00 00 00 00 00 00 00 00 00 00 00 00 00 00 00 00
00 00 00 00 00 00 00 00 00 00 00 00 00 00 00 00
00 00 00 00 00 00 00 00 00 00 00 00 00 11 00 18
06 0D 01 01 01 01 01 01 01 01 01 01 01 01 01 01
01 01 01 01 01 01 01 01 01 01 01 01 01 01 01 01
01 01 01 01 01 01 01 01 01 01 01 01 01 01 01 01
01 01 01 01 00 00 00 00 00 00 00 00 00 00 00 00
00 00 00 00 00 00 00 00 00 00 00 00 00 00 00 00
00 00 00 00 00 00 00 00 00 00 00 00 00 00 00 00
00 00 00 00 00 00 00 00 00 07 00 06 00 14 00 1F
00 1E 00 17 00 00 01 02 03 04 05 06 07 08 09 0A
0B 0C 0D 0E 0F 10 11 12 13 14 15 16 17 18 19 1A
1B 1C 1D 1E 1F 20 21 22 23 24 25 26 27 28 29 2A
2B 2C 2D 2E 2F 30 31 35 00 00 00 0D 00 00 00 00
00 00 00 00 00 00 00 00 00 00 00 00 00 00 00 00
00 00 00 00 00 00 00 00 00 00 00 00 00 00 00 00
00 00 00 00 00 00 00 00 00 00 00 00 00 01 00 FF
FF FF FF FF FF FF FF FF FF FF FF FF FF FF FF FF
FF FF FF FF FF FF FF FF FF FF FF FF FF FF FF FF
FF FF FF FF FF FF FF FF FF FF FF FF FF FF FF FF
FF F3 01 00 00 00 00 00 00 00 00 00 00 00 00 00
00 FF 00 00 00 00 00 00 00 00 00 43 02 00 00 00
00 00 00 00 00 00 00 00 00 00 00 00 00 00 00 00
00 00 00 00 00 00 00 00 00 00 00 00 00 00 00 00
00 00 00 00 00 00 00 00 00 00 00 00 00 00 00 00
00 00 00 00 00 00 00 00 00 00 00 00 00 00 00 00
00 00 00 00 00 00 00 00 00 00 00 10 0C 02 09 0A
05 04 08 0B 07 0E 01 06 0D 00 03 0F 00 00 00 00
00 00 00 00 00 00 00 00 00 00 00 00 00 00 00 00
00 00 00 00 00 00 00 00 00 00 00 00 00 01 00 07
08 0C FF F1 DA 52 6F 00 00 00 00 07 00 FF 00 10
00 00 00 08 00 9F 9F FF FF FF FF FF FF FF FF FF
FF FF FF FF FF FF FF FF FF 01 00 03 00 2D 00 2D
00 2D 00 13 00 12 00 15 00 FF 00 00 00 00 00 00
00 00 00 00 00 00 00 00 00 00 00 00 00 00 00 00
00 00 00 00 00 00 00 00 00 00 00 00 00 00 00 00
00 00 00 00 00 00 00 00 00 00 00 00 0E 00 0C 00
0A 00 05 00 04 00 05 00 04 00 04 00 04 00 04 00
00 00 01 00 03 06 05 05 06 07 00 01 00 04 02 01
01 00 00 00 00 0D 51 52 53 01 01 01 0C 00 0D 54
55 56 01 01 01 0C 00 00 00 00 03 00 04 00 01 00
00 16 00 0A 00 10 00 1F 00 15 00 10 00 43 00 19
00 1F 00 41 00 25 00 4F 00 A8 07 92 00 00 00 35
00 FC 00 55 00 53 00 A8 00 4B 00 9E 00 9E 00 42
00 4C 00 E0 06 3F 00 00 00 42 00 55 00 55 00 50
00 44 00 46 00 4B 00 49 00 49 00 46 00 94 07 34
00 00 00 2B 00 3F 00 42 00 39 00 4F 00 4D 00 2E
00 3A 00 2E 00 2B 00 E0 06 7C 00 00 00 31 00 DB
00 4B 00 4C 00 80 00 3B 00 86 00 7A 00 3F 00 40
00 90 06 30 00 00 00 2E 00 29 00 2F 00 42 00 4E
00 4A 00 3B 00 49 00 44 00 37 00 30 07 4E 00 00
00 46 00 35 00 32 00 4E 00 46 00 45 00 4E 00 42
00 4D 00 44 00 7C 06 45 00 00 00 42 00 4B 00 50
00 50 00 4C 00 4D 00 47 00 4B 00 4A 00 49 00 44
07 13 00 0A 00 12 00 12 00 16 00 0D 00 44 00 0E
00 15 00 40 00 21 00 50 00 F4 06 34 00 00 00 2D
00 2B 00 29 00 38 00 37 00 35 00 2B 00 34 00 24
00 28 00 08 07 44 00 00 00 3A 00 4A 00 3E 00 42
00 3F 00 3E 00 3F 00 42 00 4D 00 44 00 80 07 2E
00 00 00 2B 00 1D 00 1A 00 2F 00 33 00 32 00 1A
00 32 00 1F 00 20 00 80 07 41 00 00 00 38 00 39
00 35 00 51 00 46 00 41 00 4F 00 46 00 50 00 4C
00 58 07 28 00 0A 00 27 00 29 00 26 00 1D 00 49
00 22 00 25 00 49 00 1F 00 52 00 1C 07 48 00 00
00 49 00 4A 00 44 00 44 00 46 00 42 00 4A 00 4B
00 4A 00 3F 00 94 07 A6 00 00 00 53 00 87 00 33
00 55 00 9E 00 49 00 9A 00 9C 00 4C 00 44 00 A4
06 1B 00 00 00 3F 00 28 00 55 00 55 00 4C 00 4D
00 26 00 52 00 53 00 56 00 CC 06 0F 00 00 00 19
00 08 00 2A 00 0C 00 14 00 1E 00 0A 00 1E 00 05
00 0A 00 B8 0B 23 00 00 00 1E 00 05 00 2D 00 0F
00 1E 00 28 00 08 00 1E 00 0A 00 0F 00 B8 0B 1E
00 00 00 23 00 1E 00 41 00 11 00 1E 00 28 00 0A
00 23 00 05 00 0F 00 B8 0B 05 00 00 00 1E 00 08
00 28 00 0F 00 19 00 23 00 08 00 1E 00 0A 00 0A
00 B8 0B 14 00 00 00 14 00 14 00 3C 00 0A 00 28
00 2D 00 14 00 23 00 14 00 0F 00 B8 0B 09 00 00
00 14 00 19 00 46 00 0A 00 23 00 1E 00 0A 00 14
00 0F 00 0A 00 B8 0B 08 00 00 00 1E 00 0A 00 30
00 0F 00 1E 00 19 00 08 00 19 00 0F 00 0A 00 B8
0B 0F 00 00 00 23 00 0A 00 2D 00 11 00 1E 00 14
00 0A 00 1E 00 0A 00 0A 00 B8 0B 1A 00 00 00 19
00 0F 00 32 00 0C 00 19 00 23 00 0F 00 1E 00 14
00 0A 00 58 1B 0A 00 00 00 23 00 0A 00 2A 00 11
00 1E 00 19 00 0A 00 1E 00 0F 00 0A 00 58 1B 07
00 00 00 19 00 0A 00 29 00 0C 00 23 00 28 00 08
00 1E 00 05 00 0A 00 58 1B 0F 00 00 00 23 00 0A
00 27 00 11 00 1E 00 23 00 0A 00 19 00 05 00 0A
00 58 1B 0A 00 00 00 28 00 0F 00 21 00 14 00 23
00 19 00 0A 00 19 00 14 00 0A 00 58 1B 12 00 00
00 19 00 1C 00 37 00 0C 00 23 00 1E 00 0A 00 14
00 0F 00 0A 00 58 1B 14 00 00 00 1E 00 0A 00 25
00 0F 00 19 00 23 00 08 00 1E 00 0A 00 0A 00 58
1B 0D 00 00 00 1E 00 17 00 3C 00 0F 00 19 00 23
00 0A 00 1E 00 05 00 0A 00 58 1B 0F 00 00 00 1E
00 0F 00 2F 00 0F 00 23 00 19 00 08 00 19 00 0A
00 0F 00 58 1B 14 00 00 00 19 00 23 00 41 00 0C
00 1E 00 14 00 0A 00 14 00 0F 00 0A 00 58 1B 0C
00 00 00 19 00 0A 00 30 00 0C 00 28 00 23 00 0A
00 1E 00 14 00 0F 00 58 1B 0F 00 00 00 14 00 19
00 3C 00 0A 00 23 00 1E 00 0F 00 23 00 0F 00 0A
00 58 1B 14 00 00 00 14 00 2D 00 32 00 0A 00 2D
00 1E 00 1E 00 28 00 19 00 0F 00 58 1B 0A 00 00
00 14 00 1E 00 37 00 0A 00 1E 00 28 00 08 00 1E
00 0A 00 0A 00 58 1B 0C 00 00 00 19 00 19 00 39
00 0C 00 23 00 23 00 0A 00 19 00 0A 00 0A 00 94
11 0A 00 00 00 19 00 28 00 3F 00 0C 00 1E 00 23
00 0A 00 14 00 0A 00 0A 00 94 11 0A 00 00 00 14
00 32 00 3A 00 0A 00 32 00 28 00 0F 00 23 00 0F
00 0A 00 94 11 06 00 00 00 19 00 14 00 32 00 0C
00 1E 00 14 00 08 00 1E 00 05 00 0A 00 94 11 0A
00 00 00 19 00 14 00 37 00 0C 00 19 00 19 00 05
00 1E 00 0A 00 0A 00 94 11 0F 00 00 00 19 00 32
00 43 00 0C 00 2D 00 1E 00 0F 00 23 00 0F 00 0A
00 94 11 0A 00 00 00 14 00 26 00 3C 00 0A 00 28
00 23 00 0F 00 1E 00 0F 00 0A 00 94 11 08 00 00
00 19 00 14 00 37 00 0C 00 23 00 14 00 08 00 1E
00 0A 00 0A 00 94 11 07 00 00 00 14 00 0A 00 2D
00 0A 00 1E 00 23 00 08 00 19 00 0A 00 0A 00 94
11 14 00 00 00 0F 00 0F 00 28 00 07 00 2D 00 28
00 0F 00 23 00 14 00 14 00 94 11 08 00 00 00 1E
00 0A 00 26 00 0F 00 0F 00 14 00 05 00 14 00 1E
00 0A 00 C4 09 14 00 00 00 0F 00 0F 00 28 00 07
00 2D 00 28 00 0F 00 23 00 14 00 14 00 0F 27 14
34 2B 39 1F 29 01 1E 57 6F 5A 76 73 00 16 60 6A
6F 5D 6F 00 1E 58 65 5A 55 46 00 1B 4C 6C 69 59
6A 00 14 5F 5A 30 72 5D 00 29 39 76 1F 5D 60 00
12 52 58 6B 59 5A 00 1C 36 39 2C 31 36 01 0B 5B
39 64 38 56 00 0F 5B 5F 6A 56 61 00 27 5F 29 38
41 56 00 20 78 73 6D 5A 5D 00 27 2B 43 36 22 34
01 26 65 6F 5F 6A 56 00 27 67 6D 64 6A 75 00 1A
6B 78 78 6F 71 00 00 00 00 00 00 00 00 00 00 00
00 00 00 00 00 00 00 00 00 00 00 00 00 00 00 00
00 00 00 00 00 00 00 00 00 00 00 00 00 00 00 00
00 00 00 00 00 00 00 00 00 00 00 00 00 00 00 00
00 00 00 00 00 00 00 00 00 00 00 00 00 00 00 00
00 00 00 00 00 00 00 00 00 00 00 00 00 00 00 00
00 00 00 00 00 00 00 00 00 00 00 00 00 00 00 00
00 00 00 00 00 00 00 00 00 00 00 00 00 00 00 00
00 00 00 00 00 00 00 00 00 00 00 00 00 00 00 00
00 00 00 00 00 00 00 00 00 00 00 00 00 00 00 00
00 00 00 00 00 00 00 00 00 00 00 00 00 00 00 00
00 00 00 00 00 00 00 00 00 00 00 00 00 00 00 00
00 00 00 00 00 00 00 00 00 00 00 00 00 00 00 00
00 00 00 00 00 00 00 00 00 00 00 00 00 00 00 00
00 00 00 00 00 00 00 00 00 00 00 00 00 3C 3C 3C
3C 3C 3C 00 00 00 00 00 00 00 00 00 00 00 00 00
00 00 00 00 00 00 00 00 00 14 14 14 14 14 1F 1A
14 0C 0B 21 1B 14 0A 0A 21 1B 14 0A 0A 20 1B 14
0B 0A 20 1C 14 0A 0A 1E 1C 14 0A 0C 14 14 14 14
14 14 14 14 14 14 1F 1C 14 0A 0B 1E 1C 14 0A 0C
1F 1B 14 0B 0B 21 1A 14 0B 0A 14 14 14 14 14 1E
1C 14 0A 0C 21 1B 14 0A 0A 1F 1A 14 0C 0B 14 14
14 14 14 14 14 14 14 14 14 14 14 14 14 14 14 14
14 14 14 14 14 14 14 14 14 14 14 14 14 14 14 14
14 14 14 14 14 14 14 14 14 14 14 14 14 14 14 14
14 14 14 14 14 14 14 14 14 14 14 14 14 14 14 14
14 14 14 14 14 14 14 14 14 14 14 14 14 14 14 14
14 14 14 14 14 14 14 14 14 14 14 14 14 14 14 14
14 14 14 14 14 14 14 14 14 14 14 14 14 14 14 14
14 14 14 14 14 14 14 14 14 14 14 14 14 14 14 14
14 14 14 14 14 14 14 14 14 14 14 14 14 14 14 14
14 14 14 14 14 14 14 14 14 14 14 14 14 14 14 14
14 14 14 14 14 14 14 14 4B 75 74 65 00 65 79 61
00 55 65 73 75 67 69 00 00 00 48 6F 6A 6F 00 00
00 00 00 48 6F 6E 67 61 6E 6A 69 00 41 73 61 6B
75 72 61 00 00 41 6E 65 6B 6F 6A 69 00 00 49 6D
61 67 61 77 61 00 00 54 6F 6B 75 67 61 77 61 00
41 6F 74 65 00 00 00 00 00 54 73 75 74 73 75 69
00 00 41 73 61 69 00 00 00 00 00 52 6F 6B 6B 61
6B 75 00 00 4B 69 74 61 62 61 74 61 00 4F 69 74
65 00 61 67 61 00 4D 69 79 6F 73 68 69 00 00 54
61 6B 65 64 61 00 00 00 4F 64 61 00 00 00 00 00
00 00 00 00 00 00 00 00 00 00 00 00 00 00 00 00
00 00 00 00 00 00 00 00 00 00 00 00 00 00 00 00
00 00 00 00 00 00 00 00 00 00 00 00 00 00 00 00
00 00 00 00 00 00 00 00 00 00 00 00 00 00 00 00
00 00 00 00 00 00 00 00 00 00 00 00 00 00 00 00
00 00 00 00 00 00 00 00 00 00 00 00 00 00 00 00
00 00 00 00 00 00 00 00 00 00 00 00 00 00 00 00
00 00 00 00 00 00 00 00 00 00 00 00 00 00 00 00
00 00 00 00 00 00 00 00 00 00 00 00 00 00 00 00
00 00 00 00 00 00 00 00 00 00 00 00 00 00 00 00
00 00 00 00 00 00 00 00 00 00 00 00 00 00 00 00
00 00 00 00 00 00 00 00 00 00 00 00 00 00 00 00
00 00 00 00 00 00 00 00 00 00 00 00 00 00 00 00
00 00 00 00 00 00 00 00 00 00 00 00 00 00 00 00
00 00 00 00 00 00 00 00 00 00 00 00 00 00 00 00
00 00 00 00 00 00 00 00 00 00 00 00 00 00 00 00
00 00 00 00 00 00 00 00 00 00 00 00 00 00 00 00
00 00 00 00 00 00 00 00 00 00 00 00 00 00 00 00
00 00 00 00 00 00 00 00 00 00 00 00 00 00 00 00
00 00 00 00 00 00 00 00 00 00 00 00 00 00 00 00
00 00 00 00 00 00 00 00 00 00 00 00 00 00 00 00
00 00 00 00 00 00 00 00 00 00 00 00 00 00 00 00
00 00 00 00 00 00 00 00 00 00 00 00 00 00 00 00
00 00 00 00 00 00 4E 6F 74 6F 00 00 00 00 00 00 45
63 68 69 67 6F 00 00 00 00 4D 75 73 61 73 68 69
00 00 00 4B 61 67 61 00 00 00 00 00 00 45 63 68
69 7A 65 6E 00 00 00 48 69 64 61 00 00 00 00 00
00 53 75 72 75 67 61 00 00 00 00 4D 69 6B 61 77
61 00 00 00 00 4D 69 6E 6F 00 00 00 00 00 00 59
61 6D 61 74 6F 00 00 00 00 4F 6D 69 00 00 00 00
00 00 00 49 67 61 00 00 00 00 00 00 00 49 73 65
73 68 69 6D 61 00 00 59 61 6D 61 73 68 69 72 00
00 53 65 74 74 73 75 00 00 00 00 53 68 69 6E 61
6E 6F 00 00 00 4F 77 61 72 69 00 00 00 00 00 00
00 00 00 00 00 00 00 00 00 00 00 00 00 00 00 00
00 00 00 00 00 00 00 00 00 00 00 00 00 00 00 00
00 00 00 00 00 00 00 00 00 00 00 00 00 00 00 00
00 00 00 00 00 00 00 00 00 00 00 00 00 00 00 00
00 00 00 00 00 00 00 00 00 00 00 00 00 00 00 00
00 00 00 00 00 00 00 00 00 00 00 00 00 00 00 00
00 00 00 00 00 00 00 00 00 00 00 00 00 00 00 00
00 00 00 00 00 00 00 00 00 00 00 00 00 00 00 00
00 00 00 00 00 00 00 00 00 00 00 00 00 00 00 00
00 00 00 00 00 00 00 00 00 00 00 00 00 00 00 00
00 00 00 00 00 00 00 00 00 00 00 00 00 00 00 00
00 00 00 00 00 00 00 00 00 00 00 00 00 00 00 00
00 00 00 00 00 00 00 00 00 00 00 00 00 00 00 00
00 00 00 00 00 00 00 00 00 00 00 00 00 00 00 00
00 00 00 00 00 00 00 00 00 00 00 00 00 00 00 00
00 00 00 00 00 00 00 00 00 00 00 00 00 00 00 00
00 00 00 00 00 00 00 00 00 00 00 00 00 00 00 00
00 00 00 00 00 00 00 00 00 00 00 00 00 00 00 00
00 00 00 00 00 00 00 00 00 00 00 00 00 00 00 00
00 00 00 00 00 00 00 00 00 00 00 00 00 00 00 00
00 00 00 00 00 00 00 00 00 00 00 00 00 00 00 00
00 00 00 00 00 00 00 00 00 00 00 00 00 00 00 00
00 00 00 00 00 00 00 00 00 02 02 03 02 02 04 04
04 04 05 05 05 05 05 05 02 04 03 03 03 03 03 03
03 03 03 03 03 03 03 03 03 03 03 03 03 03 03 03
03 03 03 03 03 03 03 03 03 03 03 00 00 00 08 0D
FF 00 00 00 00 00 00 00 00 00 00 00 00 00 00 00
00 00 00 00 00 00 00 00 00 00 00 00 00 00 00 00
00 00 00 00 00 00 00 00 00 00 00 00 00 00 00 00
00 00 00 00 01 00 00 00 01 00 64 00 00 00 00 00
00 00 00 00 00 05 00 01 00 00 00 02 00 82 83 86
87 84 85 88 89 8A 8B 8E 8F 8C 8D 90 91 A2 A3 A6
A7 A4 A5 A8 A9 AA AB AE AF AC AD B0 B1 A2 A3 A6
A7 A4 A5 A8 A9 AA AB AE AF AC AD B0 B1 A2 A3 A6
A7 A4 A5 A8 A9 AA AB AE AF AC AD B0 B1 A2 A3 A6
A7 A4 A5 A8 A9 AA AB AE AF AC AD B0 B1 01 01 01
01 01 01 01 01 01 01 01 01 01 01 01 01 82 83 86
87 84 85 88 89 8A 8B 8E 8F 8C 8D 90 91 A2 A3 A6
A7 A4 A5 A8 A9 AA AB AE AF AC AD B0 B1 A2 A3 A6
A7 A4 A5 A8 A9 AA AB AE AF AC AD B0 B1 A2 A3 A6
A7 A4 A5 A8 A9 AA AB AE AF AC AD B0 B1 A2 A3 A6
A7 A4 A5 A8 A9 AA AB AE AF AC AD B0 B1 82 83 86
87 84 85 88 89 8A 8B 8E 8F 8C 8D 90 91 92 93 96
97 94 95 98 99 9A 9B 9E 9F 9C 9D A0 A1 A2 A3 A6
A7 A4 A5 A8 A9 AA AB AE AF AC AD B0 B1 A2 A3 A6
A7 A4 A5 A8 A9 AA AB AE AF AC AD B0 B1 A2 A3 A6
A7 A4 A5 A8 A9 AA AB AE AF AC AD B0 B1 01 01 01
01 01 01 01 01 01 01 01 01 01 01 01 01 A2 A3 A6
A7 A4 A5 A8 A9 AA AB AE AF AC AD B0 B1 92 93 96
97 94 95 98 99 9A 9B 9E 9F 9C 9D A0 A1 A2 A3 A6
A7 A4 A5 A8 A9 AA AB AE AF AC AD B0 B1 92 93 96
97 94 95 98 99 9A 9B 9E 9F 9C 9D A0 A1 82 83 86
87 84 85 88 89 8A 8B 8E 8F 8C 8D 90 91 A2 A3 A6
A7 A4 A5 A8 A9 AA AB AE AF AC AD B0 B1 A2 A3 A6
A7 A4 A5 A8 A9 AA AB AE AF AC AD B0 B1 92 93 96
97 94 95 98 99 9A 9B 9E 9F 9C 9D A0 A1 92 93 96
97 94 95 98 99 9A 9B 9E 9F 9C 9D A0 A1 82 83 86
87 84 85 88 89 8A 8B 8E 8F 8C 8D 90 91 01 01 01
01 01 01 01 01 01 01 01 01 01 01 01 01 A2 A3 A6
A7 A4 A5 A8 A9 AA AB AE AF AC AD B0 B1 A2 A3 A6
A7 A4 A5 A8 A9 AA AB AE AF AC AD B0 B1 92 93 96
97 94 95 98 99 9A 9B 9E 9F 9C 9D A0 A1 82 83 86
87 84 85 88 89 8A 8B 8E 8F 8C 8D 90 91 82 83 86
87 84 85 88 89 8A 8B 8E 8F 8C 8D 90 91 A2 A3 A6
A7 A4 A5 A8 A9 AA AB AE AF AC AD B0 B1 63 64 67
68 65 66 69 6A 6B 6C 6F 70 6D 6E 71 72 92 93 96
97 94 95 98 99 9A 9B 9E 9F 9C 9D A0 A1 73 74 77
78 75 76 79 7A 7B 7C 7C 7F 7D 7E 80 81 82 83 86
87 84 85 88 89 8A 8B 8E 8F 8C 8D 90 91 01 01 01
01 01 01 01 01 01 01 01 01 01 01 01 01 A2 A3 A6
A7 A4 A5 A8 A9 AA AB AE AF AC AD B0 B1 92 93 96
97 94 95 98 99 9A 9B 9E 9F 9C 9D A0 A1 82 83 86
87 84 85 88 89 8A 8B 8E 8F 8C 8D 90 91 82 83 86
87 84 85 88 89 8A 8B 8E 8F 8C 8D 90 91 82 83 86
87 84 85 88 89 8A 8B 8E 8F 8C 8D 90 91 92 93 96
97 94 95 98 99 9A 9B 9E 9F 9C 9D A0 A1 92 93 96
97 94 95 98 99 9A 9B 9E 9F 9C 9D A0 A1 92 93 96
97 94 95 98 99 9A 9B 9E 9F 9C 9D A0 A1 82 83 86
87 84 85 88 89 8A 8B 8E 8F 8C 8D 90 91 82 83 86
87 84 85 88 89 8A 8B 8E 8F 8C 8D 90 91 01 01 01
01 01 01 01 01 01 01 01 01 01 01 01 01 A2 A3 A6
A7 A4 A5 A8 A9 AA AB AE AF AC AD B0 B1 A2 A3 A6
A7 A4 A5 A8 A9 AA AB AE AF AC AD B0 B1 92 93 96
97 94 95 98 99 9A 9B 9E 9F 9C 9D A0 A1 82 83 86
87 84 85 88 89 8A 8B 8E 8F 8C 8D 90 91 82 83 86
87 84 85 88 89 8A 8B 8E 8F 8C 8D 90 91 A2 A3 A6
A7 A4 A5 A8 A9 AA AB AE AF AC AD B0 B1 A2 A3 A6
A7 A4 A5 A8 A9 AA AB AE AF AC AD B0 B1 A2 A3 A6
A7 A4 A5 A8 A9 AA AB AE AF AC AD B0 B1 A2 A3 A6
A7 A4 A5 A8 A9 AA AB AE AF AC AD B0 B1 A2 A3 A6
A7 A4 A5 A8 A9 AA AB AE AF AC AD B0 B1 01 01 01
01 01 01 01 01 01 00 00 00 00 00 19 00 09 00 19
00 01 00 03 00 07 FF FF FF FF FF FF FF 07 00 FF
00 FF 00 00 00 02 00 02 00 4C 00 37 00 00 00 00
00 00 00 00 00 00 00 00 00 00 00 00 00 00 00
