00 00 00 00 00 00 00 00 00 00 00 00 00 00 00 00
00 00 00 00 00 00 00 00 00 00 00 00 00 00 00 00
00 00 00 00 00 00 00 00 00 00 00 00 00 00 00 00
00 00 00 00 00 00 00 00 00 02 02 03 02 02 04 04
04 04 05 05 05 05 05 05 02 04 03 03 03 03 03 03
03 03 03 03 03 03 03 03 03 03 03 03 03 03 03 03
03 03 03 03 03 03 03 03 03 03 03 00 00 FF 00 00
00 00 00 00 00 00 00 00 00 00 00 00 00 00 00 00
00 00 00 00 00 00 00 00 00 00 00 00 00 00 00 00
00 00 00 00 00 00 00 00 00 00 00 00 00 00 00 00
00 00 01 00 00 00 01 00 00 00 64 00 00 00 00 00
00 00 00 00 00 00 00 00 00 00 00 02 00 82 83 86
87 84 85 88 89 8A 8B 8E 8F 8C 8D 90 91 82 83 86
87 84 85 88 89 8A 8B 8E 8F 8C 8D 90 91 82 83 86
87 84 85 88 89 8A 8B 8E 8F 8C 8D 90 91 82 83 86
87 84 85 88 89 8A 8B 8E 8F 8C 8D 90 91 82 83 86
87 84 85 88 89 8A 8B 8E 8F 8C 8D 90 91 01 01 01
01 01 01 01 01 01 01 01 01 01 01 01 01 82 83 86
87 84 85 88 89 8A 8B 8E 8F 8C 8D 90 91 82 83 86
87 84 85 88 89 8A 8B 8E 8F 8C 8D 90 91 82 83 86
87 84 85 88 89 8A 8B 8E 8F 8C 8D 90 91 82 83 86
87 84 85 88 89 8A 8B 8E 8F 8C 8D 90 91 82 83 86
87 84 85 88 89 8A 8B 8E 8F 8C 8D 90 91 82 83 86
87 84 85 88 89 8A 8B 8E 8F 8C 8D 90 91 82 83 86
87 84 85 88 89 8A 8B 8E 8F 8C 8D 90 91 82 83 86
87 84 85 88 89 8A 8B 8E 8F 8C 8D 90 91 82 83 86
87 84 85 88 89 8A 8B 8E 8F 8C 8D 90 91 82 83 86
87 84 85 88 89 8A 8B 8E 8F 8C 8D 90 91 82 83 86
87 84 85 88 89 8A 8B 8E 8F 8C 8D 90 91 01 01 01
01 01 01 01 01 01 01 01 01 01 01 01 01 82 83 86
87 84 85 88 89 8A 8B 8E 8F 8C 8D 90 91 82 83 86
87 84 85 88 89 8A 8B 8E 8F 8C 8D 90 91 82 83 86
87 84 85 88 89 8A 8B 8E 8F 8C 8D 90 91 82 83 86
87 84 85 88 89 8A 8B 8E 8F 8C 8D 90 91 82 83 86
87 84 85 88 89 8A 8B 8E 8F 8C 8D 90 91 82 83 86
87 84 85 88 89 8A 8B 8E 8F 8C 8D 90 91 82 83 86
87 84 85 88 89 8A 8B 8E 8F 8C 8D 90 91 63 64 67
68 65 66 69 6A 6B 6C 6F 70 6D 6E 71 72 82 83 86
87 84 85 88 89 8A 8B 8E 8F 8C 8D 90 91 82 83 86
87 84 85 88 89 8A 8B 8E 8F 8C 8D 90 91 01 01 01
01 01 01 01 01 01 01 01 01 01 01 01 01 82 83 86
87 84 85 88 89 8A 8B 8E 8F 8C 8D 90 91 82 83 86
87 84 85 88 89 8A 8B 8E 8F 8C 8D 90 91 73 74 77
78 75 76 79 7A 7B 7C 7C 7F 7D 7E 80 81 82 83 86
87 84 85 88 89 8A 8B 8E 8F 8C 8D 90 91 82 83 86
87 84 85 88 89 8A 8B 8E 8F 8C 8D 90 91 82 83 86
87 84 85 88 89 8A 8B 8E 8F 8C 8D 90 91 82 83 86
87 84 85 88 89 8A 8B 8E 8F 8C 8D 90 91 82 83 86
87 84 85 88 89 8A 8B 8E 8F 8C 8D 90 91 82 83 86
87 84 85 88 89 8A 8B 8E 8F 8C 8D 90 91 82 83 86
87 84 85 88 89 8A 8B 8E 8F 8C 8D 90 91 01 01 01
01 01 01 01 01 01 01 01 01 01 01 01 01 82 83 86
87 84 85 88 89 8A 8B 8E 8F 8C 8D 90 91 82 83 86
87 84 85 88 89 8A 8B 8E 8F 8C 8D 90 91 82 83 86
87 84 85 88 89 8A 8B 8E 8F 8C 8D 90 91 82 83 86
87 84 85 88 89 8A 8B 8E 8F 8C 8D 90 91 82 83 86
87 84 85 88 89 8A 8B 8E 8F 8C 8D 90 91 82 83 86
87 84 85 88 89 8A 8B 8E 8F 8C 8D 90 91 82 83 86
87 84 85 88 89 8A 8B 8E 8F 8C 8D 90 91 82 83 86
87 84 85 88 89 8A 8B 8E 8F 8C 8D 90 91 82 83 86
87 84 85 88 89 8A 8B 8E 8F 8C 8D 90 91 01 01 01
01 01 01 01 01 01 01 01 01 01 01 01 01 82 83 86
87 84 85 88 89 8A 8B 8E 8F 8C 8D 90 91 82 83 86
87 84 85 88 89 8A 8B 8E 8F 8C 8D 90 91 82 83 86
87 84 85 88 89 8A 8B 8E 8F 8C 8D 90 91 82 83 86
